2 0.44296875 0.03671875 0.134375 0.071875
2 0.54921875 0.0328125 0.0796875 0.0484375
2 0.61484375 0.02109375 0.0484375 0.0421875
2 0.40625 0.15 0.0671875 0.0578125
2 0.47109375 0.15078125 0.0640625 0.053125
2 0.52890625 0.14140625 0.0453125 0.0390625
2 0.57265625 0.13984375 0.04375 0.046875
2 0.6140625 0.13515625 0.040625 0.0421875
2 0.4015625 0.26875 0.059375 0.0515625
2 0.44921875 0.271875 0.0453125 0.053125
2 0.49453125 0.26875 0.05 0.040625
2 0.53828125 0.26171875 0.040625 0.04375
2 0.5796875 0.2484375 0.05 0.0453125
2 0.61953125 0.2421875 0.0390625 0.040625
2 0.53125 0.37421875 0.0703125 0.0375
2 0.5890625 0.3703125 0.0484375 0.0390625
2 0.6265625 0.3640625 0.025 0.03125
1 0.71171875 0.10625 0.1453125 0.20625
