2 0.475 0.509375 0.12734375 0.0546875
2 0.5796875 0.490625 0.075 0.03828125
2 0.659375 0.46484375 0.075 0.0375
2 0.4546875 0.6265625 0.06015625 0.04921875
2 0.51875 0.61796875 0.05859375 0.0453125
2 0.575 0.60078125 0.04140625 0.03359375
2 0.61796875 0.59296875 0.0390625 0.04140625
2 0.65859375 0.5828125 0.03515625 0.03828125
2 0.69609375 0.57109375 0.03984375 0.0296875
2 0.46640625 0.74453125 0.053125 0.0453125
2 0.5140625 0.740625 0.0390625 0.04765625
2 0.55859375 0.73125 0.0453125 0.03515625
2 0.60078125 0.71875 0.0359375 0.03984375
2 0.63984375 0.7 0.04453125 0.03984375
2 0.68046875 0.68828125 0.03671875 0.03515625
2 0.715625 0.6796875 0.0296875 0.03046875
2 0.609375 0.83125 0.06640625 0.028125
2 0.66640625 0.81875 0.04453125 0.0328125
2 0.7140625 0.80625 0.0453125 0.02578125
