1 0.4890625 0.23359375 0.01875 0.015625
1 0.39453125 0.24375 0.0125 0.0078125
1 0.49140625 0.3203125 0.0125 0.0140625
1 0.4328125 0.40234375 0.0171875 0.0125
1 0.409375 0.47421875 0.0125 0.0078125
1 0.41171875 0.5140625 0.0109375 0.009375
1 0.290625 0.43515625 0.0078125 0.0078125
1 0.16953125 0.46015625 0.0078125 0.00625
1 0.14453125 0.446875 0.0140625 0.0125
1 0.071875 0.415625 0.0125 0.0109375
1 0.06875 0.39296875 0.015625 0.0078125
1 0.06015625 0.40625 0.0078125 0.0046875
1 0.03046875 0.38984375 0.0125 0.015625
1 0.02734375 0.371875 0.009375 0.00625
1 0.01796875 0.3609375 0.0109375 0.009375
1 0.021875 0.3421875 0.009375 0.0078125
1 0.0796875 0.28828125 0.0125 0.0078125
1 0.21953125 0.265625 0.0171875 0.0125
1 0.20703125 0.21875 0.0109375 0.009375
1 0.103125 0.23828125 0.00625 0.00625
1 0.1828125 0.1703125 0.0125 0.0125
1 0.16484375 0.17734375 0.0078125 0.00625
1 0.2515625 0.1328125 0.0046875 0.00625
1 0.2140625 0.1390625 0.0078125 0.00625
1 0.21953125 0.12265625 0.0078125 0.0046875
1 0.2296875 0.11171875 0.0140625 0.00625
1 0.2765625 0.08203125 0.0140625 0.0078125
1 0.2765625 0.06640625 0.0078125 0.00625
1 0.334375 0.00703125 0.009375 0.00625
1 0.32578125 0.01875 0.0109375 0.0109375
1 0.315625 0.02890625 0.00625 0.0046875
0 0.2296875 0.89765625 0.0640625 0.159375
1 0.2796875 0.7890625 0.1 0.0875
1 0.278125 0.7078125 0.1203125 0.0734375
1 0.37578125 0.74453125 0.109375 0.075
