1 0.00625 0.4625 0.0125 0.009375
1 0.00859375 0.44765625 0.0078125 0.00625
1 0.07421875 0.39765625 0.009375 0.0078125
1 0.08125 0.38125 0.0125 0.0109375
1 0.06328125 0.4078125 0.0109375 0.0125
1 0.05234375 0.41640625 0.00625 0.0046875
1 0.14140625 0.38671875 0.0078125 0.00625
1 0.1828125 0.3390625 0.009375 0.0046875
1 0.15 0.3375 0.0078125 0.0046875
1 0.15625 0.34375 0.00625 0.003125
1 0.1109375 0.34375 0.0078125 0.00625
1 0.1609375 0.32578125 0.0109375 0.0078125
1 0.19140625 0.315625 0.009375 0.0078125
1 0.32578125 0.45546875 0.0078125 0.0078125
1 0.32734375 0.41953125 0.0046875 0.0140625
