2 0.68359375 0.11484375 0.03359375 0.04765625
2 0.6734375 0.1703125 0.03203125 0.06484375
2 0.65546875 0.24140625 0.03984375 0.0703125
2 0.6359375 0.32734375 0.05546875 0.0875
2 0.61640625 0.41875 0.05078125 0.0875
2 0.596875 0.51875 0.0359375 0.1
2 0.60078125 0.615625 0.04921875 0.090625
2 0.5765625 0.7015625 0.06484375 0.08203125
2 0.559375 0.78046875 0.0671875 0.07109375
2 0.55234375 0.85078125 0.06171875 0.0703125
2 0.53125 0.9109375 0.0703125 0.04765625
2 0.528125 0.96484375 0.07421875 0.04765625
