0 0.47734375 0.03046875 0.0328125 0.021875
0 0.51953125 0.04609375 0.0234375 0.0171875
0 0.54609375 0.06171875 0.0390625 0.028125
0 0.43203125 0.12265625 0.0265625 0.034375
0 0.446875 0.15390625 0.025 0.028125
0 0.46875 0.19140625 0.0359375 0.04375
0 0.484375 0.2265625 0.03125 0.028125
0 0.5078125 0.24765625 0.0421875 0.0390625
0 0.165625 0.24140625 0.034375 0.0265625
0 0.18671875 0.2171875 0.015625 0.0234375
0 0.115625 0.06953125 0.0515625 0.025
0 0.090625 0.00390625 0.040625 0.0078125
1 0.39296875 0.60546875 0.0484375 0.0078125
2 0.18984375 0.04375 0.2796875 0.0875
2 0.25390625 0.196875 0.3 0.3015625
2 0.32734375 0.45546875 0.3203125 0.3078125
