0 0.3953125 0.0609375 0.315625 0.121875
0 0.57109375 0.31953125 0.0171875 0.0234375
0 0.503125 0.38984375 0.028125 0.034375
0 0.50625 0.425 0.0265625 0.0296875
0 0.51328125 0.46796875 0.0375 0.0453125
0 0.51484375 0.50546875 0.0328125 0.0265625
0 0.2125 0.40546875 0.034375 0.028125
0 0.240625 0.390625 0.015625 0.0234375
0 0.22734375 0.22734375 0.0515625 0.0265625
0 0.23828125 0.109375 0.0421875 0.028125
0 0.2921875 0.090625 0.0546875 0.0390625
0 0.23046875 0.15078125 0.0421875 0.025
0 0.27578125 0.1359375 0.034375 0.034375
0 0.321875 0.11015625 0.0390625 0.0359375
2 0.340625 0.1421875 0.290625 0.284375
2 0.31015625 0.37890625 0.3109375 0.2796875
1 0.93203125 0.68515625 0.1359375 0.3328125
1 0.90703125 0.9125 0.1109375 0.175
