0 0.10703125 0.01484375 0.2046875 0.0296875
0 0.278125 0.00625 0.1125 0.0125
0 0.08671875 0.04453125 0.03125 0.046875
0 0.10234375 0.07109375 0.153125 0.0484375
0 0.06796875 0.13046875 0.0796875 0.05625
0 0.14453125 0.1484375 0.1 0.0265625
0 0.3421875 0.02421875 0.04375 0.0484375
0 0.36484375 0.06875 0.0296875 0.05
0 0.371875 0.11953125 0.015625 0.0484375
0 0.196875 0.2890625 0.09375 0.04375
0 0.19296875 0.40234375 0.0515625 0.040625
0 0.20859375 0.365625 0.028125 0.021875
0 0.2140625 0.3296875 0.0359375 0.040625
0 0.09140625 0.3875 0.0515625 0.0359375
0 0.14609375 0.403125 0.04375 0.0328125
0 0.10625 0.5375 0.0375 0.034375
0 0.36015625 0.14609375 0.0171875 0.0171875
0 0.76953125 0.0125 0.1203125 0.025
0 0.86875 0.01484375 0.096875 0.0296875
0 0.85546875 0.07890625 0.1546875 0.1578125
0 0.90546875 0.2125 0.1140625 0.1390625
0 0.70625 0.125 0.18125 0.1203125
0 0.51484375 0.15 0.2078125 0.1359375
0 0.5328125 0.2375 0.19375 0.09375
0 0.7453125 0.22265625 0.2359375 0.1578125
0 0.8703125 0.3390625 0.1109375 0.14375
0 0.89140625 0.44375 0.146875 0.1
0 0.9296875 0.515625 0.1296875 0.0828125
0 0.93515625 0.57109375 0.1296875 0.0578125
0 0.540625 0.31640625 0.196875 0.1109375
0 0.6546875 0.3765625 0.1875 0.1203125
0 0.51484375 0.42578125 0.1640625 0.140625
0 0.66171875 0.4828125 0.1578125 0.15
0 0.80078125 0.55234375 0.1640625 0.0953125
0 0.65703125 0.57109375 0.1953125 0.0578125
0 0.50859375 0.5375 0.1078125 0.125
1 0.82421875 0.68984375 0.0328125 0.034375
1 0.859375 0.75625 0.0296875 0.034375
1 0.94296875 0.9390625 0.0671875 0.121875
