0 0.48984375 0.03671875 0.0984375 0.0734375
0 0.4765625 0.13359375 0.125 0.1359375
0 0.43671875 0.25078125 0.0921875 0.09375
0 0.40625 0.3484375 0.0703125 0.109375
0 0.40078125 0.4484375 0.0765625 0.08125
0 0.40078125 0.52890625 0.090625 0.0875
2 0.43359375 0.090625 0.2109375 0.18125
2 0.2828125 0.0796875 0.125 0.159375
2 0.22890625 0.121875 0.140625 0.1828125
2 0.12421875 0.1328125 0.1078125 0.1765625
2 0.115625 0.2859375 0.1046875 0.1296875
2 0.09296875 0.4046875 0.0828125 0.1
2 0.059375 0.4703125 0.0703125 0.140625
2 0.246875 0.25546875 0.159375 0.1171875
2 0.225 0.371875 0.1125 0.1328125
2 0.25 0.47890625 0.1421875 0.1078125
2 0.14765625 0.40546875 0.103125 0.165625
2 0.153125 0.51953125 0.1515625 0.1109375
0 0.021875 0.02890625 0.04375 0.0578125
2 0.6109375 0.0375 0.6078125 0.04375 0.5953125 0.0453125 0.5921875 0.0515625 0.5828125 0.0546875 0.58125 0.0578125 0.5703125 0.059375 0.56875 0.0640625 0.5640625 0.0640625 0.5578125 0.06875 0.546875 0.0796875 0.546875 0.0859375 0.5390625 0.0953125 0.5390625 0.0671875 0.5421875 0.0640625 0.5484375 0.0625 0.5546875 0.0546875 0.5609375 0.053125 0.56875 0.046875 0.58125 0.04375 0.5828125 0.0390625 0.5875 0.0359375 0.60625 0.034375 0.609375 0.0375
