0 0.49921875 0.021875 0.1796875 0.04375
0 0.46640625 0.10078125 0.140625 0.1453125
0 0.4328125 0.221875 0.0984375 0.1015625
0 0.41171875 0.321875 0.0796875 0.1140625
0 0.41484375 0.421875 0.0828125 0.0875
0 0.4203125 0.4921875 0.096875 0.075
2 0.440625 0.0796875 0.2875 0.159375
2 0.26484375 0.07421875 0.1390625 0.1484375
2 0.215625 0.1109375 0.153125 0.1921875
2 0.11171875 0.13125 0.121875 0.1828125
2 0.11640625 0.28515625 0.1140625 0.1375
2 0.1046875 0.4046875 0.090625 0.10625
2 0.07578125 0.46484375 0.0828125 0.1296875
2 0.24453125 0.2421875 0.1671875 0.1296875
2 0.2328125 0.36015625 0.121875 0.140625
2 0.2671875 0.465625 0.1484375 0.1171875
2 0.15859375 0.4015625 0.115625 0.1703125
2 0.1734375 0.490625 0.159375 0.078125
