1 0.3328125 0.43515625 0.109375 0.0515625
1 0.5046875 0.43828125 0.01875 0.015625
1 0.55 0.490625 0.01875 0.01875
1 0.421875 0.4390625 0.0390625 0.0359375
1 0.36875 0.4828125 0.01875 0.015625
1 0.2796875 0.53125 0.0328125 0.028125
1 0.54140625 0.61328125 0.0359375 0.0546875
1 0.3203125 0.67890625 0.0875 0.0765625
1 0.5296875 0.80234375 0.059375 0.1953125
1 0.3296875 0.746875 0.1484375 0.075
1 0.3296875 0.80546875 0.0546875 0.0328125
1 0.41640625 0.87890625 0.1546875 0.06875
1 0.45390625 0.734375 0.0328125 0.0296875
1 0.4765625 0.83515625 0.021875 0.0171875
