1 0.4703125 0.046875 0.0296875 0.028125
1 0.3703125 0.0703125 0.0359375 0.03125
1 0.478125 0.1734375 0.04375 0.19375
1 0.44609375 0.37421875 0.1015625 0.0890625
1 0.01953125 0.18828125 0.0265625 0.0203125
1 0.2453125 0.25234375 0.0171875 0.025
1 0.1125 0.10859375 0.0265625 0.0265625
1 0.2875 0.13125 0.021875 0.0171875
1 0.5484375 0.54765625 0.01875 0.0140625
1 0.5796875 0.5125 0.0109375 0.0109375
1 0.90546875 0.5296875 0.015625 0.009375
1 0.521875 0.82109375 0.0109375 0.028125
1 0.94453125 0.66796875 0.0140625 0.0328125
