1 0.84921875 0.11796875 0.04375 0.040625
1 0.66875 0.12265625 0.0828125 0.065625
1 0.01484375 0.9546875 0.0296875 0.090625
1 0.14375 0.97890625 0.01875 0.0140625
1 0.13671875 0.9453125 0.015625 0.015625
1 0.04140625 0.8828125 0.021875 0.0140625
1 0.16796875 0.79375 0.246875 0.1140625
1 0.20859375 0.9203125 0.15625 0.0640625
1 0.30859375 0.95625 0.01875 0.0171875
1 0.37109375 0.94921875 0.01875 0.0171875
1 0.23984375 0.8671875 0.034375 0.0203125
1 0.31640625 0.87578125 0.01875 0.0109375
1 0.3375 0.83125 0.0203125 0.0203125
1 0.31953125 0.80625 0.034375 0.015625
1 0.296875 0.74453125 0.025 0.0125
1 0.4203125 0.7421875 0.01875 0.025
1 0.41484375 0.79140625 0.0125 0.0203125
1 0.396875 0.85234375 0.03125 0.0359375
1 0.340625 0.77578125 0.0171875 0.0125
1 0.37734375 0.80390625 0.0203125 0.0140625
1 0.06171875 0.69375 0.0328125 0.009375
1 0.1765625 0.7125 0.0265625 0.015625
1 0.41796875 0.70703125 0.0234375 0.0265625
