1 0.15234375 0.0265625 0.0953125 0.053125
1 0.46015625 0.01015625 0.0359375 0.0203125
1 0.2546875 0.01796875 0.084375 0.0359375
1 0.2625 0.0625 0.0453125 0.053125
1 0.4375 0.04921875 0.053125 0.05
1 0.15703125 0.46484375 0.025 0.0125
1 0.371875 0.4640625 0.075 0.028125
1 0.3546875 0.57109375 0.05625 0.046875
1 0.06796875 0.6171875 0.0390625 0.025
1 0.06328125 0.48203125 0.0828125 0.04375
1 0.05625 0.31328125 0.0296875 0.021875
1 0.37421875 0.31640625 0.0609375 0.0296875
1 0.41953125 0.2234375 0.03125 0.0515625
0 0.8046875 0.31484375 0.390625 0.6296875
1 0.7765625 0.9078125 0.0671875 0.065625
1 0.79296875 0.72734375 0.046875 0.0390625
