1 0.61875 0.05234375 0.078125 0.1046875
1 0.7734375 0.3765625 0.109375 0.053125
1 0.94453125 0.3734375 0.01875 0.015625
1 0.9921875 0.421875 0.015625 0.01875
1 0.86171875 0.378125 0.0375 0.034375
1 0.81171875 0.425 0.01875 0.0140625
1 0.725 0.47734375 0.03125 0.0265625
1 0.98671875 0.5453125 0.0265625 0.053125
1 0.7734375 0.62265625 0.084375 0.0734375
1 0.98203125 0.734375 0.0359375 0.19375
1 0.7859375 0.690625 0.1484375 0.06875
1 0.7890625 0.7484375 0.053125 0.03125
1 0.8796875 0.81796875 0.1546875 0.0625
1 0.909375 0.67109375 0.03125 0.028125
1 0.9375 0.7703125 0.0203125 0.015625
