0 0.75390625 0.26796875 0.4921875 0.4578125
1 0.5234375 0.44765625 0.046875 0.04375
1 0.7984375 0.475 0.140625 0.05
1 0.090625 0.8859375 0.096875 0.0640625
1 0.015625 0.875 0.03125 0.05625
1 0.58125 0.6296875 0.109375 0.0546875
1 0.753125 0.62890625 0.01875 0.015625
1 0.80234375 0.6796875 0.021875 0.01875
1 0.66953125 0.6328125 0.0375 0.034375
1 0.61875 0.678125 0.01875 0.0140625
1 0.53125 0.7296875 0.03125 0.0265625
1 0.8 0.803125 0.0453125 0.0546875
1 0.5765625 0.87578125 0.0859375 0.075
1 0.8140625 0.946875 0.1 0.10625
1 0.5890625 0.94375 0.1484375 0.0703125
1 0.58984375 0.99296875 0.0546875 0.0140625
1 0.7125 0.9265625 0.03125 0.028125
