1 0.64140625 0.4921875 0.05 0.0515625
1 0.53828125 0.540625 0.0375 0.0453125
1 0.56796875 0.63828125 0.0921875 0.0421875
1 0.671875 0.653125 0.03125 0.0125
1 0.425 0.6484375 0.065625 0.021875
1 0.71171875 0.41953125 0.028125 0.025
1 0.71640625 0.47265625 0.028125 0.021875
1 0.64296875 0.01640625 0.0390625 0.0328125
0 0.58515625 0.696875 0.1140625 0.075
0 0.61484375 0.7578125 0.0765625 0.0546875
0 0.65 0.8109375 0.103125 0.05625
0 0.7046875 0.8578125 0.096875 0.05625
0 0.54140625 0.74453125 0.0703125 0.0484375
0 0.50859375 0.78125 0.084375 0.05
0 0.45625 0.7984375 0.0453125 0.040625
0 0.5171875 0.9890625 0.109375 0.021875
0 0.70625 0.9890625 0.09375 0.021875
0 0.6328125 0.98515625 0.0875 0.0296875
0 0.59140625 0.99140625 0.0796875 0.0171875
0 0.546875 0.9609375 0.08125 0.0640625
0 0.5484375 0.91484375 0.0875 0.0515625
0 0.56484375 0.88359375 0.1359375 0.071875
0 0.5171875 0.825 0.0828125 0.05625
