1 0.375 0.2203125 0.05 0.0671875
0 0.1703125 0.5578125 0.178125 0.0375
0 0.31875 0.55390625 0.109375 0.0296875
0 0.44921875 0.55625 0.1421875 0.034375
0 0.16875 0.609375 0.225 0.0875
0 0.44765625 0.6234375 0.20625 0.1109375
0 0.315625 0.60859375 0.0828125 0.09375
0 0.14765625 0.71640625 0.2375 0.096875
0 0.17109375 0.65390625 0.23125 0.0484375
0 0.403125 0.72265625 0.2734375 0.096875
0 0.43671875 0.80234375 0.20625 0.0921875
0 0.2046875 0.80234375 0.23125 0.0921875
0 0.19375 0.8875 0.2359375 0.0921875
0 0.3890625 0.890625 0.153125 0.084375
0 0.51015625 0.90859375 0.1171875 0.1046875
0 0.46015625 0.96015625 0.1953125 0.0796875
0 0.20703125 0.96328125 0.2953125 0.0734375
