1 0.18671875 0.63671875 0.0171875 0.0171875
1 0.21484375 0.734375 0.0234375 0.0203125
1 0.225 0.81953125 0.0203125 0.0359375
1 0.3015625 0.8796875 0.034375 0.025
1 0.4625 0.909375 0.175 0.109375
1 0.35703125 0.81796875 0.1328125 0.075
1 0.47109375 0.78671875 0.240625 0.096875
1 0.5828125 0.57421875 0.05 0.0390625
1 0.38125 0.63515625 0.0296875 0.0234375
1 0.44453125 0.6703125 0.03125 0.021875
1 0.43046875 0.540625 0.025 0.01875
1 0.5734375 0.675 0.0203125 0.015625
1 0.5921875 0.73359375 0.025 0.0265625
