0 0.4 0.01796875 0.103125 0.0359375
0 0.4328125 0.06171875 0.053125 0.0421875
0 0.44765625 0.10703125 0.0234375 0.0390625
0 0.365625 0.0625 0.0640625 0.0375
0 0.340625 0.1046875 0.0796875 0.0359375
0 0.29296875 0.13203125 0.0390625 0.034375
0 0.39453125 0.3328125 0.1 0.053125
0 0.44609375 0.3234375 0.0265625 0.0625
0 0.4125 0.27421875 0.0734375 0.05
0 0.40546875 0.228125 0.08125 0.0375
0 0.4046875 0.19375 0.109375 0.046875
0 0.3578125 0.14609375 0.075 0.04375
1 0.696875 0.72109375 0.053125 0.0296875
