1 0.81640625 0.27578125 0.0171875 0.0484375
1 0.95234375 0.38984375 0.0671875 0.115625
1 0.96015625 0.50234375 0.0796875 0.1015625
1 0.9640625 0.6328125 0.071875 0.146875
1 0.49140625 0.46015625 0.0453125 0.1328125
1 0.73359375 0.49921875 0.1234375 0.1390625
1 0.4953125 0.59921875 0.053125 0.0953125
1 0.59296875 0.60234375 0.090625 0.075
1 0.646875 0.55078125 0.0578125 0.053125
1 0.509375 0.959375 0.0625 0.08125
1 0.96953125 0.95703125 0.0609375 0.0859375
1 0.978125 0.85859375 0.04375 0.1109375
1 0.975 0.7515625 0.05 0.109375
1 0.51328125 0.88203125 0.08125 0.071875
1 0.75625 0.91953125 0.0375 0.03125
1 0.721875 0.70625 0.1171875 0.125
1 0.55625 0.33671875 0.128125 0.0734375
1 0.86015625 0.3140625 0.0859375 0.028125
