1 0.946875 0.38125 0.10625 0.125
1 0.6015625 0.43671875 0.075 0.084375
1 0.59140625 0.51484375 0.0484375 0.0328125
1 0.675 0.4625 0.134375 0.1359375
1 0.8421875 0.38359375 0.084375 0.0703125
1 0.959375 0.5875 0.0390625 0.046875
1 0.9828125 0.49375 0.034375 0.05625
1 0.571875 0.8703125 0.05625 0.040625
1 0.68671875 0.8765625 0.059375 0.04375
1 0.8890625 0.88984375 0.0296875 0.034375
1 0.79296875 0.515625 0.1 0.0890625
1 0.67578125 0.3546875 0.1078125 0.071875
1 0.68984375 0.32734375 0.0390625 0.0171875
