1 0.17734375 0.440625 0.04375 0.034375
1 0.2703125 0.4609375 0.08125 0.0484375
1 0.1875 0.4875 0.0546875 0.0375
1 0.4125 0.48125 0.1015625 0.0359375
1 0.2453125 0.4984375 0.028125 0.015625
1 0.2984375 0.4953125 0.0203125 0.0171875
1 0.34921875 0.49609375 0.01875 0.0203125
1 0.44453125 0.159375 0.0328125 0.03125
1 0.453125 0.1921875 0.015625 0.0203125
1 0.128125 0.165625 0.021875 0.025
1 0.42578125 0.35234375 0.015625 0.025
1 0.42890625 0.39375 0.0265625 0.0265625
1 0.28984375 0.43125 0.0421875 0.03125
1 0.46953125 0.39453125 0.01875 0.025
1 0.19453125 0.0703125 0.0359375 0.028125
1 0.46953125 0.4671875 0.0484375 0.04375
