1 0.18828125 0.36015625 0.1046875 0.1015625
1 0.1296875 0.34765625 0.0203125 0.015625
1 0.10078125 0.38828125 0.025 0.0328125
1 0.06484375 0.51640625 0.0171875 0.0171875
1 0.0875 0.615625 0.025 0.021875
1 0.09375 0.7015625 0.021875 0.0359375
1 0.16640625 0.76484375 0.034375 0.0265625
1 0.3265625 0.803125 0.178125 0.115625
1 0.225 0.70625 0.134375 0.08125
1 0.34140625 0.68125 0.240625 0.1078125
1 0.42265625 0.40078125 0.0328125 0.0234375
1 0.4640625 0.47421875 0.0515625 0.040625
1 0.259375 0.525 0.0296875 0.025
1 0.32109375 0.56328125 0.03125 0.021875
1 0.2546875 0.32109375 0.0375 0.0234375
1 0.29765625 0.359375 0.0125 0.0109375
1 0.3140625 0.43359375 0.025 0.01875
1 0.44921875 0.575 0.0203125 0.0171875
1 0.46484375 0.63359375 0.025 0.028125
1 0.74609375 0.3953125 0.3921875 0.171875
