1 0.41484375 0.0546875 0.0375 0.040625
1 0.17890625 0.46640625 0.0484375 0.0265625
1 0.46640625 0.55703125 0.0609375 0.0234375
1 0.321875 0.5390625 0.0796875 0.0484375
0 0.7703125 0.1765625 0.1 0.0859375
0 0.87734375 0.20625 0.1421875 0.1015625
0 0.7359375 0.240625 0.034375 0.075
0 0.72890625 0.30234375 0.0203125 0.0578125
0 0.89765625 0.29375 0.06875 0.090625
0 0.865625 0.36796875 0.0671875 0.078125
0 0.86484375 0.43359375 0.0734375 0.071875
0 0.86015625 0.48984375 0.0671875 0.0625
0 0.82734375 0.521875 0.0453125 0.03125
