1 0.14375 0.609375 0.0671875 0.025
1 0.10078125 0.621875 0.0078125 0.00625
1 0.18203125 0.66640625 0.1265625 0.0984375
1 0.26328125 0.66484375 0.03125 0.0203125
1 0.2953125 0.68984375 0.0203125 0.0125
1 0.41484375 0.7359375 0.0109375 0.01875
1 0.46640625 0.78359375 0.0859375 0.0984375
1 0.46640625 0.8578125 0.01875 0.009375
1 0.33984375 0.9375 0.0171875 0.0125
1 0.35 0.9625 0.0171875 0.0140625
1 0.3234375 0.96484375 0.0203125 0.0171875
1 0.346875 0.984375 0.0125 0.009375
1 0.31640625 0.990625 0.0234375 0.01875
1 0.27890625 0.99453125 0.0171875 0.0109375
1 0.14921875 0.9046875 0.009375 0.0078125
1 0.14375 0.86875 0.00625 0.0140625
1 0.15625 0.853125 0.015625 0.0125
