1 0.31796875 0.10546875 0.16484375 0.06953125
1 0.746875 0.1015625 0.07421875 0.08984375
1 0.74453125 0.30625 0.0453125 0.0328125
1 0.75 0.42421875 0.034375 0.06796875
1 0.72890625 0.54375 0.02734375 0.02578125
1 0.63046875 0.57421875 0.03359375 0.0296875
1 0.75078125 0.66875 0.04140625 0.19140625
1 0.72890625 0.89375 0.09375 0.125
1 0.60390625 0.953125 0.01796875 0.0125
1 0.48359375 0.9421875 0.02578125 0.0140625
1 0.221875 0.90625 0.07578125 0.04375
1 0.1984375 0.73515625 0.0359375 0.03203125
1 0.2890625 0.71640625 0.025 0.01875
1 0.51875 0.7640625 0.015625 0.02421875
1 0.37578125 0.6296875 0.02421875 0.02421875
1 0.20390625 0.671875 0.0203125 0.02578125
1 0.55234375 0.640625 0.02109375 0.01640625
1 0.47734375 0.275 0.13359375 0.12265625
1 0.23046875 0.18515625 0.02265625 0.028125
1 0.2203125 0.29765625 0.0234375 0.0171875
