1 0.54921875 0.2203125 0.0796875 0.440625
1 0.28984375 0.70234375 0.06875 0.0328125
1 0.2453125 0.7 0.0078125 0.0078125
1 0.3078125 0.76875 0.134375 0.1109375
1 0.38515625 0.79375 0.0328125 0.0234375
1 0.40703125 0.82734375 0.021875 0.015625
1 0.5046875 0.91015625 0.0125 0.01875
1 0.5390625 0.959375 0.096875 0.08125
1 0.02421875 0.88828125 0.0078125 0.00625
1 0.07109375 0.846875 0.009375 0.00625
1 0.0390625 0.840625 0.0078125 0.00625
1 0.04453125 0.8484375 0.00625 0.0046875
1 0.0015625 0.84140625 0.003125 0.0078125
1 0.0515625 0.83046875 0.0109375 0.009375
1 0.08359375 0.825 0.009375 0.009375
1 0.1984375 0.98359375 0.009375 0.009375
1 0.20546875 0.946875 0.0078125 0.015625
1 0.221875 0.93671875 0.0171875 0.0140625
