0 0.08203125 0.62890625 0.090625 0.10625
1 0.09921875 0.2234375 0.078125 0.1671875
1 0.11875 0.82890625 0.065625 0.0796875
1 0.27421875 0.9890625 0.1546875 0.021875
1 0.49609375 0.909375 0.0453125 0.11875
1 0.2859375 0.80546875 0.0375 0.0328125
1 0.365625 0.80625 0.06875 0.034375
1 0.45 0.82109375 0.115625 0.0640625
1 0.12890625 0.8875 0.0546875 0.04375
1 0.42265625 0.9796875 0.0375 0.040625
1 0.38984375 0.940625 0.0859375 0.0734375
1 0.45546875 0.896875 0.0328125 0.0421875
1 0.4125 0.87890625 0.0359375 0.0328125
1 0.10390625 0.978125 0.028125 0.028125
1 0.78828125 0.9484375 0.0859375 0.103125
