0 0.71328125 0.39921875 0.1078125 0.0609375
0 0.5921875 0.121875 0.065625 0.065625
0 0.76171875 0.05546875 0.2109375 0.1109375
0 0.715625 0.1984375 0.2359375 0.246875
0 0.6359375 0.25234375 0.153125 0.2484375
0 0.72421875 0.71484375 0.3296875 0.5703125
0 0.5875 0.52421875 0.05625 0.1265625
0 0.63984375 0.540625 0.0640625 0.046875
0 0.696875 0.50859375 0.0640625 0.046875
0 0.5953125 0.615625 0.0609375 0.065625
0 0.6265625 0.6703125 0.04375 0.040625
0 0.603125 0.70859375 0.06875 0.0734375
0 0.625 0.7828125 0.075 0.08125
0 0.64609375 0.846875 0.0703125 0.05625
0 0.6640625 0.8921875 0.0390625 0.0390625
0 0.71875 0.9484375 0.0984375 0.0640625
0 0.6890625 0.86875 0.0234375 0.025
0 0.7265625 0.896875 0.0609375 0.040625
0 0.671875 0.7953125 0.0328125 0.0296875
0 0.72890625 0.83515625 0.096875 0.0546875
0 0.6578125 0.70703125 0.034375 0.0390625
0 0.6890625 0.73203125 0.04375 0.028125
0 0.73828125 0.7609375 0.0734375 0.03125
