2 0.69296875 0.69296875 0.13125 0.065625
2 0.79609375 0.66484375 0.078125 0.0453125
2 0.87265625 0.63203125 0.078125 0.04375
2 0.6828125 0.8109375 0.0640625 0.0546875
2 0.74609375 0.796875 0.0625 0.05
2 0.80078125 0.775 0.04375 0.0375
2 0.84296875 0.76328125 0.0421875 0.0453125
2 0.88203125 0.75 0.0390625 0.040625
2 0.91875 0.73515625 0.0421875 0.0328125
2 0.7046875 0.928125 0.05625 0.05
2 0.75234375 0.91953125 0.04375 0.0515625
2 0.79609375 0.90625 0.0484375 0.0390625
2 0.83671875 0.890625 0.0390625 0.0421875
2 0.87421875 0.86796875 0.0484375 0.04375
2 0.91328125 0.853125 0.0390625 0.0375
2 0.94765625 0.84140625 0.0328125 0.0328125
2 0.8546875 0.9921875 0.06875 0.015625
2 0.9109375 0.9828125 0.046875 0.034375
2 0.95703125 0.96796875 0.046875 0.0296875
