0 0.47734375 0.5 0.6703125 0.86328125
0 0.48984375 0.153125 0.09921875 0.1109375
0 0.57265625 0.15390625 0.0578125 0.0375
0 0.6234375 0.1125 0.05859375 0.03671875
0 0.5421875 0.23515625 0.05234375 0.05703125
0 0.5828125 0.28359375 0.0390625 0.03359375
0 0.56640625 0.32578125 0.0578125 0.06484375
0 0.60078125 0.3953125 0.0640625 0.07109375
0 0.63203125 0.4546875 0.06328125 0.04609375
0 0.6578125 0.49609375 0.034375 0.0328125
0 0.721875 0.5421875 0.09140625 0.04921875
0 0.67890625 0.46875 0.0203125 0.02109375
0 0.7203125 0.48984375 0.05703125 0.03125
0 0.6484375 0.39921875 0.0296875 0.025
0 0.71171875 0.42890625 0.0921875 0.0390625
0 0.61953125 0.31484375 0.02890625 0.034375
0 0.6546875 0.33359375 0.040625 0.021875
0 0.70859375 0.35390625 0.071875 0.01875
0 0.40390625 0.21484375 0.05234375 0.01640625
0 0.35390625 0.234375 0.0484375 0.02109375
0 0.29921875 0.2296875 0.04140625 0.01796875
0 0.24140625 0.25546875 0.06953125 0.03828125
0 0.3125 0.25390625 0.05546875 0.01875
0 0.453125 0.225 0.04140625 0.02578125
0 0.41640625 0.2546875 0.0375 0.02265625
0 0.3890625 0.2796875 0.03359375 0.0203125
0 0.3578125 0.2984375 0.04140625 0.015625
0 0.3265625 0.3109375 0.0265625 0.01171875
0 0.29765625 0.3234375 0.034375 0.01328125
0 0.26640625 0.33671875 0.03671875 0.009375
0 0.228125 0.34609375 0.03125 0.009375
1 0.42890625 0.08828125 0.01875 0.02109375
