1 0.4078125 0.26875 0.1375 0.040625
1 0.07109375 0.146875 0.1109375 0.115625
1 0.0125 0.08046875 0.025 0.0765625
1 0.37109375 0.09765625 0.2265625 0.1953125
1 0.11953125 0.03828125 0.0390625 0.04375
1 0.0921875 0.078125 0.0515625 0.05
1 0.07734375 0.2234375 0.0953125 0.0734375
1 0.1453125 0.26015625 0.0421875 0.0421875
1 0.21875 0.2203125 0.084375 0.1015625
1 0.30390625 0.215625 0.134375 0.14375
1 0.39375 0.19375 0.128125 0.09375
1 0.01796875 0.18828125 0.0359375 0.0765625
1 0.2296875 0.03125 0.18125 0.0625
1 0.29765625 0.09140625 0.0796875 0.109375
