1 0.3734375 0.72421875 0.040625 0.03046875
1 0.4640625 0.75390625 0.078125 0.040625
1 0.37890625 0.771875 0.05234375 0.03203125
1 0.603125 0.7890625 0.09921875 0.02578125
1 0.43515625 0.78828125 0.02734375 0.01328125
1 0.48828125 0.790625 0.01953125 0.015625
1 0.5390625 0.796875 0.01640625 0.01796875
1 0.66875 0.471875 0.0296875 0.028125
1 0.6734375 0.50546875 0.01328125 0.01953125
1 0.353125 0.4453125 0.01953125 0.0234375
1 0.62890625 0.29140625 0.03125 0.021875
1 0.6296875 0.66171875 0.01328125 0.02421875
1 0.62890625 0.70390625 0.02421875 0.0234375
1 0.48671875 0.7265625 0.0390625 0.0265625
1 0.66875 0.70859375 0.01640625 0.0234375
1 0.4296875 0.3578125 0.0328125 0.02421875
1 0.6609375 0.78125 0.0453125 0.0390625
