0 0.571875 0.22421875 0.16015625 0.096875
0 0.703125 0.25390625 0.09375 0.10390625
0 0.61875 0.31015625 0.1078125 0.08828125
0 0.71484375 0.33828125 0.08671875 0.075
0 0.68828125 0.421875 0.13203125 0.1515625
0 0.71484375 0.5671875 0.09609375 0.12578125
0 0.53203125 0.45 0.16875 0.0953125
0 0.3390625 0.44453125 0.19296875 0.10703125
0 0.34296875 0.53359375 0.18515625 0.065625
0 0.5546875 0.55234375 0.21953125 0.12421875
0 0.66015625 0.68671875 0.09140625 0.13046875
0 0.66484375 0.79375 0.13671875 0.07890625
0 0.69140625 0.8703125 0.121875 0.0640625
0 0.68984375 0.946875 0.12890625 0.0796875
0 0.33828125 0.6125 0.18671875 0.0828125
0 0.44140625 0.68984375 0.175 0.09375
0 0.2953125 0.71640625 0.14765625 0.11875
0 0.43203125 0.79609375 0.13984375 0.13046875
0 0.5546875 0.915625 0.1453125 0.13203125
0 0.30703125 0.96328125 0.14453125 0.065625
0 0.41171875 0.9 0.18828125 0.0640625
0 0.271875 0.83203125 0.08984375 0.12109375
