1 0.115625 0.2234375 0.1265625 0.125
1 0.11640625 0.31015625 0.0671875 0.053125
1 0.05625 0.37421875 0.1125 0.0546875
1 0.1953125 0.053125 0.1875 0.10625
1 0.0078125 0.06015625 0.015625 0.0953125
1 0.06015625 0.08984375 0.1203125 0.1328125
1 0.15078125 0.10390625 0.1234375 0.08125
1 0.10234375 0.0125 0.0703125 0.025
1 0.05390625 0.38671875 0.1078125 0.0640625
1 0.00546875 0.26875 0.0109375 0.04375
1 0.04140625 0.1953125 0.034375 0.04375
1 0.0109375 0.16875 0.021875 0.034375
1 0.61875 0.21875 0.1140625 0.3171875
0 0.31328125 0.81328125 0.0484375 0.1109375
1 0.39140625 0.4625 0.0890625 0.0875
