0 0.32265625 0.2109375 0.065625 0.0453125
1 0.1578125 0.14609375 0.0609375 0.05625
1 0.0640625 0.1171875 0.034375 0.0296875
1 0.265625 0.165625 0.028125 0.021875
1 0.0359375 0.09140625 0.071875 0.0359375
0 0.01953125 0.7390625 0.0390625 0.121875
0 0.196875 0.94140625 0.15625 0.0859375
0 0.36328125 0.6796875 0.0921875 0.0734375
0 0.44296875 0.6921875 0.0734375 0.084375
0 0.32734375 0.75078125 0.05 0.06875
0 0.325 0.81328125 0.05 0.0515625
0 0.46875 0.85390625 0.021875 0.0703125
0 0.471875 0.91796875 0.015625 0.0640625
