0 0.915625 0.65390625 0.075 0.0703125
0 0.903125 0.728125 0.0890625 0.0859375
0 0.8984375 0.82421875 0.0796875 0.1015625
0 0.9375 0.9171875 0.0953125 0.0859375
0 0.95546875 0.975 0.0890625 0.05
0 0.86328125 0.98203125 0.1171875 0.0359375
0 0.76953125 0.92421875 0.1125 0.0921875
0 0.80703125 0.8125 0.1328125 0.096875
0 0.6015625 0.9921875 0.11875 0.015625
0 0.6765625 0.96953125 0.125 0.0609375
2 0.575 0.65234375 0.06875 0.0671875
2 0.7625 0.66328125 0.140625 0.0890625
2 0.66015625 0.68046875 0.15 0.109375
