0 0.559375 0.06875 0.15625 0.1375
0 0.690625 0.02421875 0.1125 0.0484375
0 0.77109375 0.0390625 0.0859375 0.078125
0 0.8390625 0.08828125 0.090625 0.071875
0 0.67109375 0.0671875 0.109375 0.0890625
0 0.7546875 0.1015625 0.0859375 0.078125
0 0.83125 0.140625 0.1015625 0.0734375
0 0.659375 0.1265625 0.115625 0.0765625
0 0.74140625 0.153125 0.0796875 0.05625
0 0.52421875 0.15625 0.1109375 0.084375
0 0.6078125 0.17265625 0.08125 0.075
0 0.6796875 0.1953125 0.09375 0.0828125
0 0.75703125 0.2125 0.084375 0.08125
0 0.4890625 0.221875 0.0953125 0.1015625
0 0.5734375 0.23828125 0.1125 0.0953125
0 0.67265625 0.259375 0.115625 0.090625
0 0.47421875 0.3015625 0.125 0.1109375
0 0.471875 0.37578125 0.1671875 0.096875
0 0.3890625 0.5140625 0.103125 0.05
0 0.8375 0.46015625 0.09375 0.096875
0 0.80078125 0.5 0.1234375 0.078125
0 0.4078125 0.446875 0.0796875 0.1125
