1 0.696875 0.39296875 0.04375 0.0359375
1 0.790625 0.4109375 0.0828125 0.05
1 0.70859375 0.4390625 0.05625 0.0375
1 0.9328125 0.42890625 0.1015625 0.0375
1 0.76640625 0.4484375 0.028125 0.0171875
1 0.81875 0.44453125 0.021875 0.0171875
1 0.8703125 0.44453125 0.01875 0.0203125
1 0.959375 0.10625 0.0328125 0.03125
1 0.96796875 0.1390625 0.015625 0.0203125
1 0.64296875 0.11796875 0.021875 0.025
1 0.94375 0.29921875 0.015625 0.025
1 0.9484375 0.34140625 0.0265625 0.0265625
1 0.809375 0.38125 0.0421875 0.03125
1 0.98828125 0.34140625 0.01875 0.025
1 0.7078125 0.021875 0.0359375 0.028125
1 0.98203125 0.4140625 0.0359375 0.04375
