2 0.57421875 0.52734375 0.0890625 0.0359375
2 0.65859375 0.51875 0.0796875 0.01875
2 0.53984375 0.625 0.0203125 0.05625
2 0.58203125 0.62421875 0.0640625 0.0515625
2 0.640625 0.6140625 0.0453125 0.0390625
2 0.68359375 0.61171875 0.04375 0.0453125
2 0.72578125 0.60625 0.0390625 0.0421875
2 0.7640625 0.59921875 0.04375 0.034375
2 0.53671875 0.74296875 0.0140625 0.0515625
2 0.5625 0.7453125 0.0453125 0.0515625
2 0.6078125 0.74140625 0.05 0.040625
2 0.6515625 0.734375 0.040625 0.04375
2 0.6921875 0.7203125 0.0484375 0.0453125
2 0.734375 0.71328125 0.040625 0.0390625
2 0.7703125 0.709375 0.0328125 0.034375
2 0.64609375 0.846875 0.06875 0.0359375
2 0.7046875 0.84140625 0.0484375 0.0375
2 0.753125 0.834375 0.0484375 0.03125
