1 0.45703125 0.05625 0.0609375 0.1125
2 0.65390625 0.815625 0.0484375 0.046875
2 0.7046875 0.79765625 0.0421875 0.034375
2 0.74765625 0.7890625 0.0390625 0.0421875
2 0.78828125 0.778125 0.0359375 0.0390625
2 0.82578125 0.76640625 0.040625 0.0296875
2 0.64765625 0.93828125 0.0359375 0.0484375
2 0.690625 0.92890625 0.0453125 0.0359375
2 0.7328125 0.915625 0.0359375 0.040625
2 0.77109375 0.89609375 0.0453125 0.040625
2 0.81171875 0.88359375 0.0375 0.0359375
2 0.846875 0.87421875 0.0296875 0.03125
2 0.84765625 0.99375 0.0453125 0.0125
