1 0.13828125 0.2296875 0.0515625 0.028125
1 0.1515625 0.20546875 0.0484375 0.0171875
1 0.02265625 0.0390625 0.0453125 0.028125
1 0.15 0.31953125 0.0296875 0.0125
1 0.08203125 0.3546875 0.0875 0.0421875
1 0.24609375 0.29609375 0.0421875 0.0203125
0 0.5390625 0.4296875 0.259375 0.0875
0 0.75546875 0.65078125 0.03125 0.01875
0 0.7953125 0.671875 0.021875 0.0140625
0 0.81953125 0.69140625 0.0359375 0.0234375
0 0.69765625 0.7359375 0.021875 0.03125
0 0.70859375 0.76875 0.021875 0.025
0 0.725 0.809375 0.03125 0.040625
0 0.7359375 0.84609375 0.028125 0.0234375
0 0.75546875 0.8703125 0.0375 0.034375
0 0.42109375 0.81640625 0.0234375 0.0234375
0 0.44140625 0.7953125 0.0125 0.021875
0 0.4296875 0.49140625 0.040625 0.0296875
0 0.42109375 0.53828125 0.0234375 0.0296875
0 0.4578125 0.50390625 0.034375 0.0296875
0 0.8046875 0.54609375 0.05625 0.03125
1 0.80703125 0.3921875 0.0453125 0.025
2 0.5078125 0.525 0.196875 0.25625
2 0.5265625 0.78515625 0.234375 0.2671875
2 0.5484375 0.95703125 0.278125 0.0859375
