1 0.075 0.465625 0.0171875 0.053125
1 0.5046875 0.09609375 0.175 0.128125
1 0.5890625 0.21875 0.1515625 0.1625
1 0.71328125 0.37734375 0.109375 0.040625
1 0.82265625 0.2578125 0.0703125 0.0453125
1 0.73359375 0.3015625 0.0515625 0.075
1 0.8015625 0.30703125 0.034375 0.03125
1 0.83984375 0.16953125 0.03125 0.034375
1 0.87421875 0.146875 0.0375 0.0390625
1 0.9359375 0.21484375 0.0609375 0.0703125
1 0.69375 0.17265625 0.028125 0.0453125
1 0.75234375 0.70546875 0.0296875 0.0078125
1 0.7203125 0.68203125 0.05 0.0546875
1 0.8234375 0.4578125 0.0453125 0.059375
