1 0.3921875 0.1390625 0.13203125 0.0609375
1 0.728125 0.14609375 0.03359375 0.05
1 0.38828125 0.29609375 0.084375 0.08828125
1 0.32890625 0.30234375 0.01796875 0.01171875
1 0.31171875 0.34921875 0.0171875 0.0296875
1 0.30390625 0.240625 0.0171875 0.02421875
1 0.31015625 0.48203125 0.0140625 0.0140625
1 0.3578125 0.571875 0.02109375 0.01640625
1 0.3859375 0.653125 0.0140625 0.03359375
1 0.47265625 0.69609375 0.03046875 0.01953125
1 0.63671875 0.69140625 0.16328125 0.0765625
1 0.5140625 0.62421875 0.125 0.05
1 0.61953125 0.56953125 0.23515625 0.04921875
1 0.62578125 0.278125 0.02890625 0.0171875
1 0.684375 0.33828125 0.0453125 0.0296875
1 0.5 0.43984375 0.02578125 0.01875
1 0.56953125 0.4609375 0.02890625 0.015625
1 0.440625 0.234375 0.02890625 0.0390625
1 0.49453125 0.2703125 0.0109375 0.00859375
1 0.52890625 0.3375 0.021875 0.0140625
1 0.58515625 0.1734375 0.02734375 0.0234375
1 0.58515625 0.1140625 0.18046875 0.028125
1 0.69609375 0.4390625 0.01796875 0.0125
1 0.7265625 0.4921875 0.0203125 0.0234375
