1 0.60703125 0.0375 0.2046875 0.075
1 0.83125 0.075 0.0625 0.059375
1 0.8265625 0.134375 0.0421875 0.0671875
1 0.5171875 0.08203125 0.025 0.025
1 0.65859375 0.153125 0.1046875 0.090625
1 0.75390625 0.36328125 0.078125 0.0703125
1 0.5109375 0.3796875 0.021875 0.0171875
1 0.471875 0.309375 0.0390625 0.0546875
1 0.44765625 0.46171875 0.0640625 0.0578125
1 0.5953125 0.51171875 0.2453125 0.0734375
1 0.6375 0.49375 0.021875 0.01875
1 0.7046875 0.47265625 0.0203125 0.01875
1 0.75078125 0.45859375 0.059375 0.11875
1 0.7296875 0.52734375 0.0359375 0.028125
