9 0.2078125 0.27109375 0.3375 0.5421875
10 0.2578125 0.040625 0.046875 0.08125
10 0.171875 0.23359375 0.0703125 0.0515625
10 0.20546875 0.0796875 0.0484375 0.0484375
7 1 0 0.7384856046875 0 0.694824075 0.0860728328125 0.6767749140625 0.110419965625 0.5256903453125 0.39442686562499996 0.4587703578125 0.505774003125 0.45117291562500006 0.5311579046875 0.45253649687499997 0.5652475359375 0.454851946875 0.56875 0.941905025 0.56875 0.9435641109375 0.5602147421875 0.9318927765625 0.5380492546875 0.9359921890624999 0.5169596078125 0.9683425875000001 0.49439751249999997 0.9888945374999999 0.4914285234375 0.9975464437500001 0.48117219687499996 1 0.474863925 1 0
10 0.8 0.175 0.059375 0.0625
10 0.8453125 0.24140625 0.0875 0.06875
10 0.559375 0.51796875 0.1875 0.1015625
10 0.940625 0.32734375 0.11875 0.1328125
10 0.81875 0.396875 0.253125 0.19375
10 0.73671875 0.55234375 0.2328125 0.0328125
10 0.8921875 0.015625 0.1625 0.03125
8 0.25703125 0.784375 0.3234375 0.43125
3 0.65859375 0.784375 0.4796875 0.43125
