7 0.3296875 0.31484375 0.659375 0.6296875
10 0.2828125 0.0359375 0.103125 0.071875
0 0.175 0.17421875 0.1953125 0.1875
0 0.05390625 0.52578125 0.040625 0.05625
0 0.33828125 0.59140625 0.0359375 0.0296875
0 0.51171875 0.56640625 0.0859375 0.0765625
0 0.60546875 0.1171875 0.040625 0.046875
0 0.5875 0.0953125 0.6 0.10625 0.603125 0.1140625 0.5984375 0.1390625 0.590625 0.1453125 0.5859375 0.1453125 0.5796875 0.15 0.5671875 0.1515625 0.559375 0.1578125 0.553125 0.1640625 0.5484375 0.175 0.540625 0.1828125 0.5359375 0.19375 0.53125 0.1984375 0.5234375 0.203125 0.515625 0.2125 0.509375 0.215625 0.5078125 0.2140625 0.5015625 0.2203125 0.4984375 0.21875 0.49375 0.221875 0.4921875 0.2265625 0.4734375 0.240625 0.4515625 0.2640625 0.428125 0.2703125 0.3984375 0.2671875 0.3953125 0.2625 0.3890625 0.259375 0.3859375 0.253125 0.3890625 0.2484375 0.390625 0.2359375 0.3953125 0.2328125 0.3953125 0.228125 0.4046875 0.2203125 0.409375 0.2109375 0.425 0.2 0.4375 0.1953125 0.446875 0.1875 0.446875 0.18125 0.4515625 0.1765625 0.4546875 0.1609375 0.4609375 0.15625 0.4609375 0.153125 0.471875 0.14375 0.4890625 0.140625 0.5046875 0.1328125 0.50625 0.134375 0.515625 0.1265625 0.521875 0.125 0.5234375 0.1203125 0.528125 0.1171875 0.5265625 0.1140625 0.5359375 0.109375 0.5375 0.10625 0.5484375 0.1078125 0.5546875 0.1046875 0.5609375 0.1046875 0.578125 0.0953125 0.5859375 0.0953125
2 0.88046875 0.39921875 0.2390625 0.4296875
4 0.3609375 0.81484375 0.44375 0.3703125
4 0.8296875 0.81484375 0.340625 0.3703125
