2 0.2890625 0.26953125 0.459375 0.5390625
0 0.46640625 0.08515625 0.1046875 0.1203125
0 0.47265625 0.203125 0.0921875 0.159375
0 0.346875 0.2734375 0.34375 0.115625
0 0.46171875 0.4546875 0.1140625 0.16875
0 0.3140625 0.41953125 0.159375 0.1625
0 0.19921875 0.06015625 0.0765625 0.0640625
0 0.2984375 0.525 0.13125 0.028125
0 0.4125 0.5203125 0.0875 0.0375
3 0.7296875 0.26953125 0.346875 0.5390625
10 0.64609375 0.34296875 0.1078125 0.2859375
10 0.7171875 0.14375 0.0765625 0.075
2 0.259375 0.8640625 0.51875 0.271875
5 0.51875 0.5390625 0.51875 1 0.841607115625 1 0.841112909375 0.997316496875 0.86141593125 0.937055678125 0.8699086375 0.8859827828124999 0.8679431609374999 0.8719003171875 0.8739162734375 0.8668228250000001 0.8771816343750001 0.8248768734375 0.8870961734374999 0.7917546796874999 0.8884587749999999 0.7633475484375 0.8835729515625002 0.760688571875 0.9008894171874999 0.7029664984374999 0.9216141359375001 0.564858325 0.925053125 0.5390625 0.51875 0.5390625
