2 0.134375 0.26953125 0.26875 0.5390625
0 0.0390625 0.0390625 0.078125 0.078125
0 0.1234375 0.025 0.115625 0.05
0 0.20703125 0.0125 0.0796875 0.025
0 0.0359375 0.1 0.071875 0.084375
0 0.09921875 0.0765625 0.08125 0.075
0 0.17265625 0.06328125 0.09375 0.0828125
0 0.23828125 0.040625 0.0609375 0.08125
0 0.03203125 0.17578125 0.0640625 0.1015625
0 0.1 0.15078125 0.1125 0.0953125
0 0.196875 0.1234375 0.115625 0.090625
0 0.0515625 0.25234375 0.103125 0.1109375
0 0.07890625 0.31875 0.1578125 0.096875
0 0.075 0.49609375 0.103125 0.0859375
0 0.05078125 0.4125 0.0796875 0.1125
8 0.634375 0.26953125 0.73125 0.5390625
10 0.06796875 0.9734375 0.1359375 0.053125
2 0.10234375 0.76953125 0.2046875 0.4609375
3 0.68515625 0.76953125 0.6296875 0.4609375
