2 0.24609375 0.309375 0.4921875 0.61875
0 0.04921875 0.02890625 0.0984375 0.0578125
0 0.128125 0.0234375 0.084375 0.046875
0 0.2125 0.028125 0.090625 0.05625
0 0.05390625 0.07890625 0.1078125 0.0875
0 0.14375 0.071875 0.084375 0.0765625
0 0.2296875 0.071875 0.1015625 0.071875
0 0.0703125 0.1375 0.115625 0.075
0 0.15546875 0.1234375 0.0796875 0.05625
0 0.0453125 0.2015625 0.0796875 0.0734375
0 0.11953125 0.18984375 0.0921875 0.08125
0 0.19609375 0.16953125 0.084375 0.08125
0 0.05 0.275 0.1 0.09375
0 0.1421875 0.25 0.1140625 0.0890625
0 0.02265625 0.3765625 0.0453125 0.109375
0 0.05 0.44375 0.1 0.09375
0 0.0328125 0.5984375 0.065625 0.040625
0 0.38046875 0.35390625 0.0921875 0.096875
0 0.375 0.42265625 0.1234375 0.1140625
0 0.359375 0.490625 0.109375 0.08125
0 0.36796875 0.5453125 0.10625 0.0734375
0 0.38125 0.5890625 0.1125 0.059375
0 0.2796875 0.59765625 0.115625 0.0421875
0 0.278125 0.54921875 0.0953125 0.0796875
0 0.01484375 0.5359375 0.0296875 0.1125
8 0.84453125 0.309375 0.3109375 0.61875
5 0.29296875 0.809375 0.5859375 0.38125
1 0.84453125 0.72265625 0.3109375 0.2078125
10 0.85 0.7390625 0.1515625 0.1515625
10 0.88203125 0.6484375 0.1328125 0.059375
