8 0.46015625 0.51640625 0.62109375 0.91875
0 0.196875 0.925 0.040625 0.04921875
0 0.50625 0.94609375 0.02421875 0.0203125
0 0.44765625 0.88359375 0.01796875 0.015625
0 0.6890625 0.9015625 0.06015625 0.05
0 0.1890625 0.471875 0.02109375 0.04765625
0 0.4484375 0.65859375 0.0953125 0.02578125
0 0.721875 0.40703125 0.01953125 0.021875
10 0.74140625 0.3078125 0.01640625 0.04140625
0 0.2265625 0.1140625 0.09453125 0.075
0 0.7109375 0.096875 0.034375 0.02734375
0 0.67265625 0.1375 0.13046875 0.03828125
0 0.55 0.146875 0.11796875 0.05234375
10 0.2 0.29921875 0.01796875 0.0109375
10 0.35625 0.3609375 0.0671875 0.0484375
0 0.25234375 0.5125 0.09765625 0.065625
0 0.3234375 0.57421875 0.0625 0.0546875
0 0.36953125 0.63203125 0.05390625 0.059375
0 0.45390625 0.70625 0.06953125 0.06171875
0 0.5359375 0.76875 0.09140625 0.06640625
0 0.6234375 0.83984375 0.0984375 0.07265625
