8 0.16640625 0.3546875 0.3328125 0.709375
0 0.10546875 0.6640625 0.0671875 0.059375
0 0.2234375 0.1828125 0.0234375 0.025
10 0.26015625 0.08828125 0.0234375 0.04375
0 0.0140625 0.50625 0.028125 0.08125
0 0.053125 0.59140625 0.10625 0.0890625
9 0.69453125 0.3546875 0.6109375 0.709375
11 0.5984375 0.36796875 0.178125 0.6828125
5 0 0.709375 0 1 0.19467770625 1 0.19839025 0.9961136968750001 0.212114553125 0.9707680906249999 0.21565477031250002 0.9356937343749999 0.2160054625 0.8812160546874999 0.20932912187500002 0.8740890703125 0.21565691562499997 0.815707178125 0.21144120000000002 0.709375 0 0.709375
5 0.4191595453125 0.709375 0.40702270937499996 0.7782064171874999 0.3909012328125 0.9221246421875 0.3890625 0.9325526140625 0.3890625 1 0.7066888171875 1 0.748562509375 0.709375 0.4191595453125 0.709375
