8 0.45078125 0.5296875 0.09921875 0.8671875
10 0.440625 0.36640625 0.0359375 0.04296875
10 0.4421875 0.11328125 0.034375 0.01875
10 0.42890625 0.146875 0.0125 0.01015625
10 0.44296875 0.2046875 0.028125 0.00859375
10 0.421875 0.32734375 0.00859375 0.021875
10 0.45078125 0.403125 0.0078125 0.00859375
10 0.446875 0.42421875 0.009375 0.0078125
10 0.44453125 0.5484375 0.00859375 0.00625
10 0.45546875 0.521875 0.00859375 0.01796875
10 0.45703125 0.59375 0.0078125 0.00859375
10 0.45625 0.6109375 0.01015625 0.00859375
10 0.45859375 0.63671875 0.0078125 0.00703125
10 0.43046875 0.66171875 0.01484375 0.01015625
10 0.42734375 0.6828125 0.00859375 0.00703125
10 0.43046875 0.69921875 0.0078125 0.00703125
10 0.4453125 0.7 0.00625 0.0046875
10 0.44921875 0.6890625 0.009375 0.00625
10 0.4515625 0.93203125 0.01328125 0.00703125
10 0.4703125 0.95078125 0.009375 0.01328125
10 0.45859375 0.95 0.0109375 0.01328125
10 0.45234375 0.96015625 0.009375 0.0046875
10 0.434375 0.9390625 0.00546875 0.009375
10 0.47109375 0.83984375 0.00546875 0.00546875
