8 0.51328125 0.5375 0.57109375 0.840625
0 0.33984375 0.16875 0.146875 0.053125
10 0.35234375 0.134375 0.12734375 0.0140625
10 0.7421875 0.1515625 0.02421875 0.0296875
10 0.3484375 0.31171875 0.0515625 0.08203125
10 0.26640625 0.34609375 0.009375 0.0125
10 0.2484375 0.7 0.02734375 0.0859375
10 0.49921875 0.66875 0.0296875 0.08671875
10 0.50625 0.80390625 0.05625 0.03671875
10 0.684375 0.5953125 0.140625 0.084375
10 0.68046875 0.78203125 0.03359375 0.09453125
10 0.7515625 0.734375 0.03515625 0.08671875
10 0.74921875 0.83984375 0.02734375 0.1015625
10 0.31796875 0.8171875 0.0375 0.028125
10 0.321875 0.8890625 0.06171875 0.02109375
