2 0.50703125 0.5125 0.9859375 0.9734375
0 0.90078125 0.2015625 0.196875 0.11875
0 0.7484375 0.28046875 0.14140625 0.11015625
0 0.6328125 0.3671875 0.18515625 0.1078125
0 0.52109375 0.46015625 0.1765625 0.1109375
0 0.44609375 0.578125 0.159375 0.121875
0 0.34609375 0.65703125 0.16640625 0.10078125
0 0.165625 0.68984375 0.2890625 0.1046875
0 0.8109375 0.678125 0.23828125 0.121875
0 0.5484375 0.69375 0.259375 0.128125
0 0.8 0.85625 0.19453125 0.13203125
0 0.56640625 0.83046875 0.26171875 0.13984375
0 0.3609375 0.79296875 0.11328125 0.17578125
0 0.69296875 0.94921875 0.23046875 0.1015625
0 0.453125 0.94140625 0.25 0.1171875
0 0.16484375 0.94765625 0.3015625 0.1046875
0 0.17265625 0.81328125 0.27578125 0.15859375
