2 0.5390625 0.5140625 0.56640625 0.81484375
10 0.28359375 0.84296875 0.0328125 0.06875
10 0.40546875 0.90546875 0.02421875 0.01328125
10 0.56953125 0.78359375 0.02421875 0.01875
10 0.7421875 0.7140625 0.08359375 0.0265625
10 0.72265625 0.79609375 0.0484375 0.0515625
10 0.653125 0.83671875 0.04765625 0.0203125
10 0.74609375 0.85 0.11875 0.025
10 0.7859375 0.8796875 0.0453125 0.0265625
10 0.78984375 0.81640625 0.02890625 0.01796875
10 0.72578125 0.5890625 0.0640625 0.04375
10 0.62890625 0.68671875 0.03515625 0.0328125
10 0.66953125 0.67578125 0.02734375 0.02265625
10 0.5265625 0.490625 0.0234375 0.1125
10 0.534375 0.4 0.0234375 0.0359375
10 0.54765625 0.34765625 0.0375 0.04140625
10 0.58203125 0.29921875 0.03203125 0.0453125
