8 0.3046875 0.26328125 0.609375 0.2734375
10 0.13203125 0.203125 0.2640625 0.128125
10 0.31875 0.26484375 0.1375 0.0828125
10 0.44140625 0.30078125 0.1328125 0.0859375
10 0.55078125 0.34296875 0.1171875 0.0984375
2 0.6707376468749999 0 0.6486658390625 0.17603348593749998 0.6506273734375 0.21902157656250001 0.671990396875 0.2399109609375 0.6817993718750001 0.24355027968749998 0.7660784359375 0.2560226671875 0.8533663390624999 0.27738936718749996 0.9089706906250001 0.2811673765625 0.9293710953125001 0.2654023984375 0.9397460656250001 0.21662075781249998 0.974613678125 0 0.6707376468749999 0
3 0.3046875 0.7 0.609375 0.6
10 0.5671875 0.628125 0.084375 0.184375
10 0.421875 0.6859375 0.2125 0.15625
10 0.2359375 0.72109375 0.1453125 0.1109375
4 0.71328125 0.7 0.2078125 0.6
11 0.7 0.68828125 0.18125 0.5765625
