9 0 0 0 0.359375 0.38866732656249997 0.359375 0.558689403125 0.0172701625 0.5623530671875 0.0155063625 0.5686868406250001 0 0 0
11 0 0 0.028125 0 0 0.021875 0 0.0015625
11 0.1984375 0.1265625 0.1078125 0.134375
11 0.265625 0.28125 0.128125 0.15625
8 0.784375 0.1796875 0.43125 0.359375
0 0.95625 0.334375 0.0203125 0.0234375
10 0.98046875 0.23671875 0.01875 0.0421875
0 0.96171875 0.02421875 0.0359375 0.0296875
0 0.92109375 0.0625 0.1328125 0.0453125
0 0.7984375 0.065625 0.1203125 0.0578125
10 0.5984375 0.26953125 0.059375 0.0515625
8 0.34375 0.6796875 0.45 0.640625
10 0.4640625 0.40078125 0.0625 0.034375
6 0.6984375 0.59453125 0.259375 0.4703125
