2 0.51875 0.56640625 0.64375 0.8578125
0 0.38515625 0.19453125 0.3046875 0.08203125
0 0.62109375 0.4203125 0.03046875 0.01796875
0 0.66015625 0.4421875 0.021875 0.01328125
0 0.684375 0.46171875 0.0359375 0.02265625
0 0.56171875 0.50390625 0.021875 0.03125
0 0.571875 0.5375 0.021875 0.025
0 0.5875 0.578125 0.03046875 0.03984375
0 0.59765625 0.61484375 0.028125 0.0234375
0 0.6171875 0.63984375 0.0375 0.034375
0 0.28046875 0.5796875 0.03046875 0.02265625
0 0.3046875 0.559375 0.01171875 0.02109375
0 0.2578125 0.40234375 0.04921875 0.0171875
0 0.24375 0.284375 0.0390625 0.02109375
0 0.29296875 0.2546875 0.05 0.02890625
0 0.2453125 0.3265625 0.0390625 0.01796875
0 0.2859375 0.30234375 0.02890625 0.0296875
0 0.32578125 0.26796875 0.03359375 0.02890625
10 0.446875 0.98203125 0.046875 0.01484375
0 0.671875 0.31640625 0.05625 0.0296875
10 0.67734375 0.16171875 0.0453125 0.02734375
11 0.35078125 0.28984375 0.24375 0.25234375
11 0.37421875 0.55 0.2625 0.26328125
11 0.4046875 0.828125 0.27890625 0.28984375
