8 0.528125 0.47734375 0.8015625 0.85546875
0 0.2671875 0.1078125 0.19140625 0.10234375
0 0.659375 0.0703125 0.12421875 0.02109375
0 0.66328125 0.09453125 0.128125 0.0359375
0 0.5390625 0.12109375 0.03046875 0.01640625
0 0.51796875 0.14296875 0.05 0.0203125
0 0.43125 0.16328125 0.1109375 0.02109375
0 0.7296875 0.128125 0.053125 0.01796875
0 0.8375 0.0921875 0.0265625 0.04609375
0 0.884375 0.1328125 0.05625 0.0203125
0 0.8796875 0.15859375 0.0421875 0.0265625
0 0.7796875 0.134375 0.02890625 0.0140625
0 0.82578125 0.153125 0.05078125 0.02734375
0 0.771875 0.153125 0.01953125 0.0234375
0 0.71328125 0.15234375 0.03046875 0.0234375
0 0.60390625 0.13671875 0.03203125 0.046875
0 0.234375 0.18359375 0.025 0.04375
0 0.24609375 0.2125 0.1515625 0.025
0 0.20234375 0.265625 0.0734375 0.04453125
0 0.275 0.2953125 0.1 0.01171875
0 0.49140625 0.2 0.0359375 0.05078125
0 0.50703125 0.25234375 0.02421875 0.04609375
0 0.51484375 0.30390625 0.0296875 0.04453125
0 0.528125 0.34765625 0.01953125 0.0390625
0 0.5328125 0.38984375 0.02109375 0.03515625
0 0.5359375 0.43515625 0.0359375 0.05
0 0.64140625 0.21640625 0.04609375 0.02578125
0 0.85703125 0.2078125 0.07734375 0.0375
0 0.65078125 0.28671875 0.0390625 0.03046875
0 0.74453125 0.35390625 0.05546875 0.03515625
0 0.3046875 0.4421875 0.090625 0.0296875
0 0.28359375 0.55390625 0.04609375 0.03359375
0 0.3046875 0.51953125 0.025 0.01875
0 0.315625 0.48515625 0.03125 0.0359375
0 0.1859375 0.52265625 0.046875 0.02890625
0 0.23671875 0.546875 0.040625 0.02734375
0 0.1671875 0.81484375 0.0390625 0.0796875
0 0.24140625 0.840625 0.10546875 0.009375
0 0.175 0.8625 0.021875 0.0125
0 0.28203125 0.8671875 0.02734375 0.03046875
0 0.49609375 0.88671875 0.05078125 0.015625
0 0.59375 0.88515625 0.12890625 0.0234375
0 0.6734375 0.8734375 0.04140625 0.0453125
0 0.7640625 0.85546875 0.02890625 0.08125
0 0.60078125 0.80859375 0.05859375 0.009375
0 0.38125 0.81875 0.15 0.01875
0 0.7125 0.58515625 0.02578125 0.0265625
0 0.5828125 0.46640625 0.01875 0.0171875
0 0.79921875 0.534375 0.128125 0.0203125
0 0.8484375 0.59140625 0.02890625 0.0921875
0 0.83515625 0.73828125 0.0359375 0.06328125
0 0.8296875 0.80390625 0.02890625 0.02421875
0 0.81484375 0.853125 0.06328125 0.0625
0 0.1765625 0.6734375 0.03359375 0.02890625
0 0.6 0.778125 0.04296875 0.03515625
0 0.55078125 0.7109375 0.040625 0.06875
0 0.51640625 0.6265625 0.021875 0.0640625
0 0.51484375 0.55625 0.01953125 0.05703125
0 0.534375 0.4921875 0.00546875 0.059375
0 0.60390625 0.484375 0.02265625 0.01796875
0 0.63671875 0.50390625 0.02890625 0.01328125
0 0.69453125 0.22890625 0.02734375 0.009375
0 0.74375 0.2296875 0.02734375 0.00625
0 0.78671875 0.2265625 0.0296875 0.00859375
0 0.4890625 0.3265625 0.015625 0.015625
