8 0.225 0.33984375 0.45 0.6796875
0 0.10078125 0.02421875 0.2015625 0.0484375
0 0.4359375 0.0421875 0.028125 0.059375
0 0.3625 0.04453125 0.0328125 0.021875
0 0.3375 0.0625 0.053125 0.0296875
0 0.2484375 0.065625 0.1125 0.0421875
0 0.42265625 0.07265625 0.040625 0.0515625
0 0.0515625 0.0484375 0.0328125 0.0484375
0 0.06640625 0.078125 0.1328125 0.053125
0 0.021875 0.12265625 0.04375 0.0578125
0 0.06953125 0.165625 0.1 0.03125
0 0.3 0.11328125 0.0453125 0.05625
0 0.30546875 0.16796875 0.0328125 0.05
0 0.30390625 0.21953125 0.0375 0.05
0 0.30859375 0.26484375 0.0265625 0.0421875
0 0.3046875 0.3078125 0.028125 0.0390625
0 0.29921875 0.35234375 0.0453125 0.05625
0 0.434375 0.1578125 0.03125 0.034375
0 0.434375 0.228125 0.03125 0.0375
0 0.07109375 0.315625 0.0953125 0.046875
0 0.02890625 0.42109375 0.0515625 0.0421875
0 0.05625 0.39140625 0.028125 0.0234375
0 0.0734375 0.359375 0.0375 0.040625
0 0.4390625 0.5328125 0.021875 0.03125
0 0.3390625 0.3921875 0.021875 0.0203125
0 0.2609375 0.62578125 0.053125 0.075
0 0.24375 0.53671875 0.034375 0.0671875
0 0.25546875 0.4671875 0.0296875 0.059375
0 0.28671875 0.40859375 0.0171875 0.059375
0 0.35625 0.4140625 0.025 0.021875
0 0.38515625 0.4390625 0.03125 0.01875
0 0.27421875 0.23671875 0.01875 0.01875
3 0.75859375 0.18359375 0.4828125 0.3671875
9 0.225 0.83984375 0.45 0.3203125
9 0.70390625 0.83984375 0.4703125 0.3203125
