1 0.334375 0.26484375 0.66875 0.5296875
0 0.49921875 0.021875 0.1796875 0.04375
0 0.46640625 0.10078125 0.140625 0.1453125
0 0.4328125 0.221875 0.0984375 0.1015625
0 0.41171875 0.321875 0.0796875 0.1140625
0 0.41484375 0.421875 0.0828125 0.0875
0 0.4203125 0.4921875 0.096875 0.075
11 0.440625 0.0796875 0.2875 0.159375
11 0.26484375 0.07421875 0.1390625 0.1484375
11 0.215625 0.1109375 0.153125 0.1921875
11 0.11171875 0.13125 0.121875 0.1828125
11 0.11640625 0.28515625 0.1140625 0.1375
11 0.1046875 0.4046875 0.090625 0.10625
11 0.07578125 0.46484375 0.0828125 0.1296875
11 0.24453125 0.2421875 0.1671875 0.1296875
11 0.2328125 0.36015625 0.121875 0.140625
11 0.2671875 0.465625 0.1484375 0.1171875
11 0.15859375 0.4015625 0.115625 0.1703125
11 0.1734375 0.490625 0.159375 0.078125
6 0.7828125 0.278125 0.228125 0.503125
3 0.2796875 0.77265625 0.559375 0.4546875
