8 0.33828125 0.234375 0.3609375 0.46875
9 0.859375 0.234375 0.28125 0.46875
1 0.558236659375 1 0.5953522062500001 0.969639328125 0.6126005359375 0.9513828859375 0.6154940437499999 0.9348293 0.6117758656250001 0.9240205750000001 0.5553962218749999 0.87127076875 0.2089661890625 0.5741638546875001 0.1690508828125 0.5480726375 0.14565103906250002 0.5457107703124999 0.1115804640625 0.5578133125 0 0.6217058625 0 0.8115896609375 0.020883909375000002 0.8297093499999999 0.07227757500000001 0.8696748796874999 0.09292025937500001 0.8807790234375 0.239358121875 0.9966336109375 0.24332406718750002 1 0.558236659375 1
10 0.26796875 0.64375 0.228125 0.153125
10 0.03125 0.6421875 0.0625 0.053125
10 0.01875 0.79375 0.0375 0.053125
10 0.29296875 0.9890625 0.0578125 0.021875
10 0.46875 0.87890625 0.1359375 0.0953125
9 0.859375 0.80078125 0.28125 0.3984375
10 0.81015625 0.64375 0.015625 0.0140625
10 0.80546875 0.859375 0.009375 0.009375
