9 0.2046875 0.184375 0.409375 0.36875
9 0.8500233296874999 0.36875 0.78739231875 0.082210590625 0.7736004375000001 0.059025607812500006 0.7547483093749999 0.0507520046875 0.737386875 0.0501473625 0.48633462656250004 0.1029263390625 0.46497857343749993 0.10906721562499999 0.43656496562499997 0.13349223125 0.432436403125 0.1531967125 0.43605244687500005 0.24003979062499997 0.444181684375 0.36875 0.8500233296874999 0.36875
10 0.51328125 0.1875 0.0515625 0.0484375
10 0.7171875 0.178125 0.078125 0.05625
10 0.76953125 0.28671875 0.2015625 0.1640625
10 0.4546875 0.33359375 0.090625 0.0703125
10 0.50546875 0.12421875 0.0546875 0.053125
10 0.60625 0.10625 0.0484375 0.034375
0 0.196875 0.96953125 0.103125 0.0609375
3 0.77890625 0.684375 0.4421875 0.63125
