3 0.21953125 0.275 0.4390625 0.55
4 0.74921875 0.2796875 0.4390625 0.540625
2 0.25546875 0.775 0.3671875 0.45
0 0.17109375 0.55703125 0.1109375 0.0140625
0 0.39765625 0.56640625 0.0765625 0.0328125
0 0.22734375 0.90078125 0.1109375 0.1984375
7 0.8509695078124999 1 0.7864320031250001 0.6368012578125 0.7735929359375 0.583856959375 0.7633424890625 0.5679316375 0.7470062125 0.5583055625 0.725883021875 0.5548879046875 0.46268083281249994 0.580145425 0.4390625 0.5864367875000001 0.4390625 0.91091805 0.4437863375 0.9632560515625 0.4503444140625 0.982376409375 0.452312228125 1 0.8509695078124999 1
10 0.81953125 0.8296875 0.1359375 0.340625
10 0.51796875 0.59296875 0.1578125 0.0765625
10 0.46875 0.93984375 0.059375 0.1203125
