3 0.13984375 0.303125 0.2796875 0.571875
9 0.65703125 0.29453125 0.6140625 0.5890625
4 0.22265625 0.821875 0.1140625 0.35625
8 0.60078125 0.79453125 0.6421875 0.4109375
10 0.80859375 0.6625 0.028125 0.0265625
10 0.7109375 0.69609375 0.034375 0.03125
10 0.834375 0.78671875 0.0484375 0.1921875
10 0.81953125 0.9734375 0.0984375 0.053125
10 0.29140625 0.87109375 0.0234375 0.0328125
10 0.375 0.85 0.025 0.0203125
10 0.60625 0.88984375 0.0171875 0.025
10 0.45859375 0.76015625 0.025 0.025
10 0.2890625 0.80859375 0.01875 0.0265625
10 0.63515625 0.765625 0.021875 0.0171875
