9 0.4796875 0.017285292187500002 0.434185340625 0.035347434375 0.348209575 0.08500928125 0.328457490625 0.09110905625 0 0.2677000234375 0 0.687707625 0.0337162234375 0.67853564375 0.2731855125 0.5899057125 0.3558483140625 0.5674037359375 0.4796875 0.5230285328125001 0.4796875 0.017285292187500002
10 0.415625 0.165625 0.0359375 0.04375
10 0.39140625 0.07734375 0.0203125 0.03125
10 0.284375 0.20390625 0.0703125 0.0546875
10 0.471875 0.1171875 0.015625 0.059375
10 0.4765625 0.08125 0.00625 0.040625
2 0.80390625 0.36953125 0.3921875 0.7390625
2 0.083971328125 0.7390625 0.06874286562500001 0.7471153140625 0.039572059375 0.7731459125 0 0.8196754453124999 0 1 0.4796875 1 0.4796875 0.8941952734375 0.46383063125 0.8828574937500001 0.4559615484375 0.8825998890625 0.42662396718749995 0.8680659187499999 0.4121968046875 0.8509498484375 0.4101469125 0.8555688546875 0.40371664999999995 0.8545504015625 0.3983557640625 0.846780171875 0.37535958593749996 0.8421492 0.28991895 0.7989546671875 0.261192440625 0.7805625390625 0.22882445312500002 0.7685148046875 0.21590001874999998 0.7585578921875 0.1681056328125 0.7390625 0.083971328125 0.7390625
11 0.4015625 0.9140625 0.15625 0.171875
7 0.667519390625 0.7390625 0.664999134375 0.8596250671875 0.748637534375 0.948015984375 0.7660510203124999 0.95868389375 0.798875490625 0.9658602500000001 0.8203455859375 0.9643171015625001 0.8319208578125 0.9582405609375 0.84801104375 0.93705934375 0.887298475 0.7390625 0.667519390625 0.7390625
10 0.77265625 0.91796875 0.1625 0.1203125
