5 0.2140625 0.196875 0.428125 0.14375
3 0.6375 0.17734375 0.2375 0.1828125
8 0.209375 0.5703125 0.41875 0.55625
10 0.0734375 0.36015625 0.1078125 0.046875
10 0.24453125 0.34765625 0.0171875 0.0140625
10 0.29765625 0.39453125 0.0203125 0.0171875
10 0.16171875 0.35703125 0.0359375 0.0328125
10 0.1140625 0.40625 0.0171875 0.0140625
10 0.03046875 0.46328125 0.0296875 0.025
10 0.303125 0.51796875 0.0421875 0.0515625
10 0.0859375 0.60546875 0.08125 0.0703125
10 0.33046875 0.70546875 0.0875 0.1921875
10 0.10234375 0.67265625 0.146875 0.0609375
10 0.1078125 0.73046875 0.053125 0.028125
10 0.20234375 0.79453125 0.153125 0.0546875
10 0.22421875 0.646875 0.03125 0.0265625
10 0.25703125 0.74453125 0.0203125 0.015625
8 0.73203125 0.590625 0.4265625 0.64375
