10 0.453125 0.8328125 0.03125 0.028125
10 0.46953125 0.89453125 0.05703125 0.0390625
10 0.515625 0.84140625 0.0328125 0.04765625
10 0.4703125 0.60703125 0.0328125 0.0328125
10 0.48125 0.4265625 0.01796875 0.02578125
10 0.48828125 0.459375 0.0328125 0.034375
10 0.4734375 0.16875 0.0359375 0.03515625
10 0.42421875 0.09921875 0.06640625 0.0390625
10 0.42109375 0.1765625 0.02421875 0.05703125
8 0.4075520828125 0.48046875 0.4114583328125 0.484375 0.40234375 0.4921875 0.40234375 0.5 0.4153645828125 0.5126953125 0.4192708328125 0.552734375 0.4322916671875 0.8427734375 0.4427083328125 0.880859375 0.4544270828125 0.8916015625 0.4765625 0.89453125 0.5325520828125 0.861328125 0.5377604171875 0.8447265625 0.5364583328125 0.8046875 0.5221354171875 0.76953125 0.5208333328125 0.748046875 0.53125 0.712890625 0.5078125 0.23046875 0.5013020828125 0.201171875 0.4505208328125 0.09375 0.4348958328125 0.083984375 0.4231770828125 0.083984375 0.40625 0.0908203125 0.3997395828125 0.1044921875 0.3997395828125 0.18359375 0.4127604171875 0.390625 0.4127604171875 0.4638671875 0.4075520828125 0.48046875
