8 0.28984375 0.33984375 0.5796875 0.6796875
0 0.38984375 0.65078125 0.0625 0.040625
0 0.4515625 0.59296875 0.046875 0.0421875
11 0.41640625 0.621875 0.0625 0.053125
11 0.3296875 0.66015625 0.09375 0.0390625
10 0.78125 0.1 0.0609375 0.0515625
10 0.615625 0.0375 0.028125 0.0171875
10 0.6921875 0.58828125 0.034375 0.01875
9 0.68984375 0.30546875 0.2203125 0.6109375
1 0 0.6796875 0 0.960600559375 0.034945525 0.9730576124999999 0.3018488578125 0.99255048125 0.3367272328125 0.985418859375 0.3530889765625 0.924731234375 0.35404539062499996 0.6796875 0 0.6796875
2 0.74921875 0.83984375 0.3390625 0.3203125
