1 0.2265625 0.159375 0.453125 0.31875
2 0.86484375 0.14296875 0.2703125 0.2859375
8 0.3609375 0.58828125 0.278125 0.5390625
10 0.25078125 0.60546875 0.0171875 0.01875
10 0.25703125 0.778125 0.028125 0.1234375
10 0.3796875 0.84296875 0.240625 0.0171875
10 0.41015625 0.80625 0.0203125 0.015625
10 0.4578125 0.81875 0.01875 0.0125
10 0.23828125 0.3890625 0.025 0.121875
10 0.38203125 0.32734375 0.2359375 0.0171875
3 0.665625 0.69375 0.19375 0.6125
10 0.6921875 0.540625 0.1 0.1875
10 0.6875 0.85703125 0.09375 0.18125
