6 0.19921875 0.21796875 0.3984375 0.4015625
2 0.725 0.24140625 0.55 0.3546875
8 0.225 0.709375 0.45 0.58125
9 0.45 0.41875 0.45 0.9896671890625001 0.6280415734375 1 0.8518894843750001 1 0.8783349390625 0.98167045 0.893095653125 0.9477149609375001 0.9377833578124999 0.6503994734375 0.9355376296875001 0.6290327921875 0.9212290328125 0.6050062015625001 0.9196337124999999 0.56491426875 0.932040753125 0.5459352859375001 0.9495575859375001 0.5382025421875001 0.9734676234374999 0.41875 0.45 0.41875
10 0.46875 0.56015625 0.0375 0.1359375
10 0.615625 0.77890625 0.15625 0.1
10 0.8703125 0.6546875 0.1234375 0.121875
10 0.89140625 0.7390625 0.065625 0.0515625
10 0.75390625 0.76640625 0.059375 0.053125
10 0.84765625 0.81640625 0.115625 0.05
10 0.6359375 0.96328125 0.184375 0.0734375
10 0.84375 0.965625 0.109375 0.06875
10 0.46484375 0.4234375 0.0203125 0.009375
10 0.5640625 0.45234375 0.1 0.0671875
10 0.88125 0.47109375 0.18125 0.1046875
10 0.5578125 0.51015625 0.0890625 0.0625
10 0.61953125 0.55703125 0.0375 0.0390625
10 0.6984375 0.52890625 0.071875 0.09375
10 0.78359375 0.53828125 0.1203125 0.1296875
10 0.875 0.53046875 0.121875 0.078125
10 0.4859375 0.4640625 0.065625 0.06875
10 0.47109375 0.64609375 0.0421875 0.0453125
10 0.60078125 0.88671875 0.1703125 0.1078125
10 0.5046875 0.95546875 0.0703125 0.0609375
10 0.79609375 0.4421875 0.0671875 0.046875
10 0.83984375 0.8765625 0.146875 0.1484375
10 0.76171875 0.728125 0.0375 0.0421875
10 0.728125 0.690625 0.0875 0.075
10 0.79140625 0.6453125 0.034375 0.04375
10 0.74765625 0.628125 0.0375 0.034375
10 0.453125 0.7375 0.00625 0.028125
