1 0.4359375 0.26015625 0.528125 0.5203125
10 0.62265625 0.2171875 0.14375 0.4046875
10 0.39375 0.03046875 0.09375 0.0609375
10 0.32890625 0.04765625 0.1828125 0.0734375
10 0.5671875 0.209375 0.078125 0.19375
10 0.48984375 0.09375 0.0453125 0.084375
10 0.4296875 0.3140625 0.0265625 0.025
6 0.9 0.4140625 0.2 0.509375
3 0.33671875 0.834375 0.6734375 0.33125
10 0.50703125 0.73359375 0.2265625 0.1296875
10 0.60234375 0.865625 0.1140625 0.1984375
10 0.11484375 0.834375 0.2046875 0.33125
5 0.9 0.834375 0.2 0.33125
