1 0.4890625 0 0.382867525 0 0.2231769125 0.07129789375 0.1822916703125 0.0945556109375 0.137713190625 0.111703615625 0.0361691734375 0.162003090625 0.008800109375 0.192127278125 0.002159803125 0.2186704640625 0.0022214671875000003 0.25595640468749997 0.0342568546875 0.49039625937500003 0.0427416203125 0.5068426515625 0.0478346984375 0.534548671875 0.0513216078125 0.5390625 0.124760203125 0.5390625 0.2508721625 0.48585470468749997 0.43937655937500003 0.3928052859375 0.48245838125 0.3780015015625 0.4890625 0.3748497140625 0.4890625 0
4 0.70390625 0.26953125 0.4296875 0.5390625
10 0.53828125 0.3390625 0.0953125 0.10625
6 0.1734375 0.76953125 0.346875 0.4609375
2 0.72890625 0.76953125 0.4796875 0.4609375
0 0.7484375 0.55 0.040625 0.021875
0 0.6203125 0.56171875 0.028125 0.034375
0 0.6234375 0.596875 0.0265625 0.0296875
0 0.63046875 0.63984375 0.0375 0.0453125
0 0.6328125 0.678125 0.0328125 0.028125
0 0.646875 0.70625 0.04375 0.0421875
11 0.52734375 0.8375 0.0765625 0.325
