3 0.24296875 0.26484375 0.4859375 0.5296875
10 0.184375 0.034375 0.0359375 0.040625
3 0.8625 0.24453125 0.275 0.4890625
9 0.33046875 0.7234375 0.4765625 0.3875
7 1 0.5296875 0.56875 0.5296875 0.56875 1 0.9774296187499999 1 0.9832643453125 0.986007875 0.9771217968750001 0.9613714609375 0.9571764359374999 0.9462152249999999 0.9519788953124999 0.925369028125 0.9717631593749999 0.8912489562499999 0.9891348046874999 0.8798725093750001 0.9926415828125 0.8669206671874999 0.9902420671875 0.8302799656250001 0.99486805625 0.8110103203125 1 0.6762030484375 1 0.5296875
10 0.684375 0.67265625 0.0625 0.065625
10 0.753125 0.71328125 0.0890625 0.0734375
10 0.8984375 0.74140625 0.171875 0.1390625
10 0.7953125 0.865625 0.2578125 0.2046875
10 0.903125 0.5671875 0.19375 0.075
