4 0.053125 0.334375 0.10625 0.66875
8 0.76171875 0.34765625 0.4765625 0.6421875
0 0.6859375 0.09609375 0.1796875 0.10625
0 0.834375 0.10234375 0.1109375 0.0875
0 0.94609375 0.11875 0.1078125 0.071875
0 0.68125 0.178125 0.228125 0.0953125
0 0.9265625 0.2015625 0.146875 0.11875
0 0.828125 0.1828125 0.084375 0.096875
0 0.65625 0.284375 0.240625 0.1046875
0 0.68203125 0.22265625 0.2328125 0.05625
0 0.8859375 0.3 0.228125 0.10625
0 0.91875 0.38046875 0.1625 0.0984375
0 0.709375 0.371875 0.234375 0.1
0 0.69609375 0.45703125 0.2390625 0.1
0 0.890625 0.4671875 0.15625 0.090625
0 0.97578125 0.4890625 0.0484375 0.109375
0 0.93046875 0.5578125 0.1390625 0.125
0 0.928125 0.6296875 0.14375 0.078125
0 0.70625 0.5421875 0.296875 0.1
0 0.6921875 0.62578125 0.278125 0.0859375
2 0.2046875 0.834375 0.409375 0.33125
3 0.7046875 0.88671875 0.590625 0.2265625
10 0.7046875 0.85703125 0.590625 0.1328125
