9 0.234375 0.3203125 0.46875 0.578125
10 0.12265625 0.0875 0.08125 0.05
10 0.13828125 0.17578125 0.05 0.1015625
10 0.15 0.2734375 0.0328125 0.03125
10 0.14609375 0.3671875 0.0875 0.0859375
10 0.28203125 0.12265625 0.0640625 0.04375
10 0.2265625 0.525 0.453125 0.16875
10 0.259375 0.4453125 0.1296875 0.090625
10 0.1671875 0.43359375 0.0765625 0.0578125
10 0.20390625 0.41640625 0.0421875 0.0328125
2 0.69453125 0.315625 0.4515625 0.5875
2 0.21953125 0.8046875 0.4390625 0.390625
1 0.734375 0.8046875 0.53125 0.390625
