9 0.2584315546875 0 0.2551340171875 0.027718590625 0.2705110828125 0.3222853671875 0.28137462343749997 0.346978340625 0.3093329796875 0.3548127734375 0.329979321875 0.3514111453125 0.34372237656250004 0.3426185609375 0.379978665625 0.2451253984375 0.3813549015625 0.20880811718749998 0.36789814062500004 0.1656964828125 0.3760414203125 0.13282179375 0.3755691734375 0.107402190625 0.36265738281250004 0.072084025 0.367866834375 0.01591975625 0.36464313593750003 0 0.2584315546875 0
4 0.7328125 0.19453125 0.40625 0.3890625
8 0.26484375 0.69453125 0.5296875 0.6109375
10 0.103125 0.81953125 0.0890625 0.0640625
10 0.1734375 0.8890625 0.040625 0.0453125
10 0.04375 0.96171875 0.046875 0.0375
10 0.1125 0.42421875 0.034375 0.01875
10 0.07421875 0.40546875 0.0453125 0.0328125
10 0.16953125 0.51484375 0.05625 0.0359375
10 0.14453125 0.67890625 0.0484375 0.0375
4 0.73515625 0.69453125 0.4109375 0.6109375
