4 0.14765625 0.2 0.2953125 0.3
8 0.771875 0.16875 0.45625 0.3375
0 0.89375 0.2765625 0.065625 0.065625
0 0.971875 0.2921875 0.05625 0.071875
0 0.95 0.2375 0.1 0.059375
0 0.9921875 0.178125 0.015625 0.034375
11 0.95546875 0.20625 0.0890625 0.05625
2 0.3359375 0.6796875 0.128125 0.640625
9 0.690625 0.7078125 0.578125 0.584375
0 0.8375 0.49453125 0.2734375 0.1
0 0.61640625 0.46953125 0.1890625 0.1015625
0 0.7359375 0.565625 0.1765625 0.09375
0 0.896875 0.63828125 0.146875 0.1078125
0 0.78515625 0.621875 0.1015625 0.05625
