2 0 0 0 0.36875 0.36465512968749997 0.36875 0.36727909062499997 0.3247959265625 0.3782063375 0.2921753015625 0.3974210734375 0.1704637046875 0.4115783890625 0.09759609375 0.4172266265625 0.0898112484375 0.43357690312499997 0 0 0
6 0.9 0.184375 0.2 0.36875
4 0.26953125 0.684375 0.5390625 0.63125
8 0.81796875 0.684375 0.3640625 0.63125
10 0.8953125 0.49140625 0.0984375 0.0765625
10 0.97734375 0.48984375 0.0453125 0.0578125
10 0.9890625 0.54296875 0.021875 0.0546875
10 0.86796875 0.93671875 0.025 0.0140625
10 0.7734375 0.946875 0.084375 0.0484375
10 0.778125 0.77890625 0.03125 0.0234375
