3 0.21875 0.23984375 0.421875 0.4796875
8 0.609375 0.22734375 0.359375 0.4546875
10 0.6625 0.003125 0.021875 0.00625
10 0.6578125 0.12109375 0.0453125 0.0546875
10 0.453125 0.18984375 0.046875 0.0765625
10 0.66875 0.31015625 0.1015625 0.1953125
10 0.47421875 0.25703125 0.0890625 0.0734375
10 0.45078125 0.31640625 0.0421875 0.0328125
10 0.53359375 0.38828125 0.1546875 0.0671875
10 0.56796875 0.24296875 0.0328125 0.0296875
10 0.5921875 0.34296875 0.0203125 0.0171875
5 0.30234375 0.73984375 0.2546875 0.5203125
4 0.8140625 0.80234375 0.371875 0.3953125
