4 0.359375 0.184375 0.31875 0.36875
1 0.759375 0.19296875 0.48125 0.3515625
4 0.259375 0.684375 0.51875 0.63125
3 0.759375 0.684375 0.48125 0.63125
10 0.61875 0.434375 0.15625 0.13125
10 0.73828125 0.58046875 0.109375 0.04375
10 0.8515625 0.4640625 0.0703125 0.0484375
10 0.76015625 0.5046875 0.0546875 0.075
10 0.828125 0.51328125 0.0359375 0.0328125
10 0.8703125 0.38125 0.03125 0.025
10 0.965625 0.42578125 0.0625 0.071875
10 0.72578125 0.3828125 0.0296875 0.028125
10 0.765625 0.925 0.03125 0.0390625
10 0.734375 0.890625 0.0515625 0.0671875
10 0.5859375 0.971875 0.065625 0.05625
10 0.84453125 0.6640625 0.046875 0.059375
