4 0.1984375 0.05546875 0.303125 0.1109375
8 0.625 0.16953125 0.55 0.3390625
8 0.175 0.66953125 0.35 0.6609375
10 0.34375 0.3953125 0.0125 0.0375
10 0.28203125 0.675 0.0375 0.0328125
10 0.19453125 0.87734375 0.01875 0.0265625
10 0.0359375 0.7609375 0.0265625 0.0265625
10 0.2125 0.75 0.0234375 0.01875
10 0.09375 0.40234375 0.146875 0.1265625
2 0.72265625 0.65625 0.5546875 0.634375
0 0.5609375 0.7796875 0.078125 0.0859375
0 0.5265625 0.54375 0.059375 0.040625
0 0.959375 0.56875 0.0390625 0.0390625
