3 0.53359375 0.5 0.6328125 0.88828125
10 0.3453125 0.11875 0.16015625 0.1015625
10 0.45 0.225 0.12890625 0.14296875
10 0.6 0.359375 0.1078125 0.021875
10 0.68671875 0.22265625 0.06484375 0.03515625
10 0.60625 0.28125 0.040625 0.06875
10 0.67421875 0.275 0.03046875 0.0265625
10 0.68828125 0.1328125 0.02578125 0.0296875
10 0.71796875 0.1046875 0.03125 0.034375
10 0.790625 0.1609375 0.05 0.06328125
10 0.5453125 0.1609375 0.021875 0.04140625
10 0.6984375 0.69140625 0.02421875 0.034375
10 0.6609375 0.6640625 0.03984375 0.0609375
10 0.534375 0.778125 0.05546875 0.05234375
10 0.59453125 0.909375 0.0515625 0.040625
10 0.4578125 0.85859375 0.0625 0.05
10 0.721875 0.41953125 0.03671875 0.053125
