3 0.31015625 0.259375 0.5796875 0.51875
1 0.6 0 0.6 0.51875 0.902137671875 0.51875 0.907832 0.513084528125 0.9140948609375 0.4961141765625 0.9114977906250001 0.4588902640625 0.831394046875 0.04958975 0.8229398546875 0 0.6 0
2 0.26484375 0.759375 0.5296875 0.48125
0 0.0421875 0.97578125 0.08125 0.0484375
0 0.01328125 0.7609375 0.0265625 0.04375
0 0.4296875 0.7640625 0.040625 0.040625
3 0.8 0.759375 0.4 0.48125
0 0.6296875 0.62578125 0.059375 0.0796875
0 0.93125 0.73046875 0.0828125 0.06875
0 0.93828125 0.784375 0.0765625 0.06875
0 0.959375 0.84375 0.0734375 0.075
0 0.93046875 0.91796875 0.071875 0.078125
0 0.9125 0.84609375 0.0390625 0.05625
