8 0.690625 0.153125 0.61875 0.16875
10 0.57734375 0.14765625 0.1078125 0.0328125
10 0.68671875 0.15546875 0.1015625 0.0265625
10 0.9765625 0.171875 0.046875 0.034375
10 0.87265625 0.17734375 0.0796875 0.025
10 0.7859375 0.1640625 0.021875 0.0125
7 0 0.409375 0 1 0.0526719609375 1 0.1104949609375 0.5126111078125 0.1188399765625 0.471872134375 0.12137462031249999 0.425878846875 0.1181665015625 0.409375 0 0.409375
10 0.034375 0.82890625 0.06875 0.1234375
10 0.0125 0.690625 0.025 0.059375
3 0.48828125 0.7796875 0.2578125 0.440625
10 0.4640625 0.96953125 0.08125 0.0609375
