1 0.36953125 0.23515625 0.4390625 0.4703125
10 0.54921875 0.2203125 0.0796875 0.440625
5 0.5890625 0.4937083484375 0.6162115546875 0.49868211562500003 0.628728346875 0.4965605953125 0.680135825 0.5054221953125 0.7015335953124999 0.505351009375 0.7204433046875 0.498691909375 0.730741078125 0.4830288359375 0.8016034921875 0.13557192499999998 0.8017515765625 0.1175656109375 0.788992871875 0.09758177968750001 0.7738177015625001 0.088064815625 0.65207080625 0.053943828125 0.5890625 0.03839825625 0.5890625 0.4937083484375
8 0.29453125 0.775 0.5890625 0.45
10 0.28984375 0.70234375 0.06875 0.0328125
10 0.2453125 0.7 0.0078125 0.0078125
10 0.3078125 0.76875 0.134375 0.1109375
10 0.38515625 0.79375 0.0328125 0.0234375
10 0.40703125 0.82734375 0.021875 0.015625
10 0.5046875 0.91015625 0.0125 0.01875
10 0.5390625 0.959375 0.096875 0.08125
10 0.02421875 0.88828125 0.0078125 0.00625
10 0.07109375 0.846875 0.009375 0.00625
10 0.0390625 0.840625 0.0078125 0.00625
10 0.04453125 0.8484375 0.00625 0.0046875
10 0.0015625 0.84140625 0.003125 0.0078125
10 0.0515625 0.83046875 0.0109375 0.009375
10 0.08359375 0.825 0.009375 0.009375
10 0.1984375 0.98359375 0.009375 0.009375
10 0.20546875 0.946875 0.0078125 0.015625
10 0.221875 0.93671875 0.0171875 0.0140625
2 0.79453125 0.775 0.4109375 0.45
