2 0.23515625 0.26953125 0.4703125 0.5390625
9 0.6 0.5390625 0.7792024859375 0.5390625 0.7666026671875 0.401581384375 0.7567736484375 0.360731078125 0.7589002046875 0.33334604375 0.7458709015625 0.258366703125 0.7406358640625 0.182274603125 0.7310113671874999 0.15314126249999999 0.7138141671875 0.13781406093749998 0.6720345453125 0.131706346875 0.6 0.13697073906249999 0.6 0.5390625
1 0.1823515359375 0.5390625 0.17432575 0.570728653125 0.176292325 0.608786065625 0.168719621875 0.6225922046875 0.16061198593749998 0.6803596890625 0.1629364734375 0.7389217890625 0.168348534375 0.7505478562500001 0.19068509843749998 0.7618785062500001 0.3980938578125 0.7816992421875 0.4331936234375 0.778156440625 0.4499647390625 0.7690732984374999 0.4588563703125 0.756220846875 0.4606761453125 0.7112603656250001 0.46584959843749996 0.709216640625 0.4670321796875 0.70235901875 0.4819998890625 0.5390625 0.1823515359375 0.5390625
0 0.30078125 0.6515625 0.3046875 0.225
11 0.3234375 0.65390625 0.296875 0.2296875
8 0.8 0.76953125 0.4 0.4609375
10 0.70703125 0.740625 0.03125 0.0875
10 0.71640625 0.87578125 0.05625 0.0375
10 0.890625 0.6640625 0.1421875 0.0875
10 0.88984375 0.85078125 0.0359375 0.0953125
10 0.96015625 0.8015625 0.0359375 0.0875
10 0.96015625 0.90703125 0.0296875 0.1015625
