2 0.27421875 0.1453125 0.5296875 0.290625
4 0.76953125 0.1796875 0.4609375 0.359375
5 0.5390625 0.6201610921875 0.5191754078125 0.616863046875 0.14535745312499998 0.5778844578125 0.1225206546875 0.5831567484375 0.097415475 0.5959684875000001 0 0.677423625 0 0.7613382046875 0.1663848140625 0.7905181828125001 0.21364552187500002 0.7926364390625 0.2480488046875 0.80273431875 0.3407412015625 0.8164133453125 0.4504649203125 0.840191884375 0.5390625 0.8526836937500001 0.5390625 0.6201610921875
8 0.73125 0.6796875 0.384375 0.640625
10 0.58515625 0.74296875 0.0921875 0.1265625
10 0.54609375 0.65390625 0.0140625 0.0265625
10 0.71015625 0.4421875 0.025 0.0265625
10 0.7765625 0.46171875 0.0171875 0.0265625
10 0.71484375 0.9546875 0.1828125 0.059375
10 0.78828125 0.82421875 0.09375 0.178125
