1 0.2 0.24140625 0.4 0.3953125
10 0.13671875 0.296875 0.028125 0.034375
8 0.7 0.27109375 0.6 0.3359375
10 0.63125 0.190625 0.1078125 0.0453125
9 0 0.4390625 0 0.604311646875 0.003405453125 0.6354965874999999 0.059924175 0.8700828953125 0.0646309140625 0.9110143859375001 0.07862229062500001 0.9329999140624998 0.0921153453125 0.940115671875 0.12089195625 0.9439828078125 0.1377075796875 0.935416640625 0.3595775796875 0.8832648187500001 0.3891294984375 0.8719914671875 0.4 0.8595435859375 0.4 0.8156923546874999 0.36984106875 0.7123571125 0.31236255 0.46699264218750003 0.3045767484375 0.4390625 0 0.4390625
10 0.0515625 0.47578125 0.025 0.025
3 0.7 0.72265625 0.6 0.5546875
10 0.9296875 0.615625 0.1015625 0.084375
10 0.83515625 0.61796875 0.109375 0.0890625
10 0.8765625 0.5515625 0.0953125 0.0859375
10 0.93125 0.66484375 0.10625 0.05625
10 0.95625 0.5703125 0.0734375 0.0734375
