10 0.26640625 0.61953125 0.05078125 0.0328125
10 0.23125 0.65625 0.05859375 0.03046875
10 0.48984375 0.6859375 0.06640625 0.0296875
10 0.34140625 0.4 0.05078125 0.0265625
10 0.35546875 0.3765625 0.04765625 0.015625
10 0.228125 0.2078125 0.04765625 0.0265625
10 0.7140625 0.19453125 0.0796875 0.02578125
10 0.3515625 0.490625 0.02890625 0.0125
10 0.2828125 0.52421875 0.0875 0.040625
10 0.4484375 0.46875 0.0421875 0.01953125
1 0.21019108281249999 0.5107421875 0.180467090625 0.5185546875 0.19108280312499998 0.5234375 0.180467090625 0.525390625 0.19957537187500002 0.5283203125 0.212314225 0.5419921875 0.20806794062499998 0.6337890625 0.212314225 0.66796875 0.22292993593750002 0.6796875 0.25477707031249996 0.6923828125 0.305732484375 0.697265625 0.5987261140625 0.6982421875 0.615711253125 0.7060546875 0.6581740984375 0.7060546875 0.6772823781249999 0.69921875 0.7154989390625001 0.6953125 0.7430997875 0.68359375 0.7558386406250001 0.6552734375 0.7600849249999999 0.2197265625 0.7430997875 0.201171875 0.72611465 0.193359375 0.6921443734375 0.1884765625 0.3736730359375 0.19140625 0.358811040625 0.1904296875 0.35668789843750004 0.18359375 0.350318471875 0.1884765625 0.32696390625 0.1923828125 0.269639065625 0.1923828125 0.25477707031249996 0.1962890625 0.2292993625 0.2060546875 0.2144373671875 0.224609375 0.212314225 0.3330078125 0.1953290875 0.34765625 0.1953290875 0.361328125 0.212314225 0.3681640625 0.2144373671875 0.380859375 0.21019108281249999 0.5107421875
