9 0.20390625 0.109375 0.2109375 0.21875
6 0.46875 0.109375 0.31875 0.21875
9 0.6546875 0.609375 0.690625 0.78125
10 0.384375 0.3921875 0.0453125 0.04375
10 0.31640625 0.375 0.0140625 0.028125
10 0.36796875 0.3703125 0.03125 0.0390625
10 0.31875 0.40703125 0.01875 0.0453125
10 0.93671875 0.69375 0.01875 0.0203125
10 0.98828125 0.7328125 0.0234375 0.040625
10 0.98828125 0.8109375 0.0234375 0.021875
10 0.6796875 0.959375 0.025 0.01875
10 0.703125 0.5734375 0.0453125 0.03125
10 0.3140625 0.465625 0.009375 0.028125
