6 0.27265625 0.325 0.4546875 0.65
3 0.7265625 0.325 0.375 0.65
10 0.76875 0.14140625 0.1 0.0578125
10 0.78046875 0.2890625 0.1 0.1703125
9 0 0.65 0 1 0.2577611546875 1 0.26808580000000004 0.978349025 0.32312244375 0.6827742328124999 0.3216237703125 0.6613421921875 0.3153947546875 0.65 0 0.65
10 0.03671875 0.8 0.0734375 0.09375
10 0.25546875 0.696875 0.1203125 0.09375
10 0.27421875 0.76953125 0.0640625 0.05
10 0.13515625 0.79296875 0.059375 0.0515625
10 0.22734375 0.8453125 0.115625 0.046875
10 0.05078125 0.975 0.1015625 0.05
10 0.21640625 0.98125 0.1078125 0.0375
10 0.03125 0.90703125 0.0625 0.1015625
10 0.2171875 0.90546875 0.1421875 0.14375
10 0.14453125 0.7546875 0.0375 0.040625
10 0.11171875 0.715625 0.0859375 0.0734375
10 0.17734375 0.671875 0.0328125 0.0421875
10 0.13359375 0.66015625 0.0359375 0.0203125
4 0.75 0.825 0.5 0.35
