3 0.65859375 0.309375 0.6171875 0.61875
10 0.46171875 0.06015625 0.1796875 0.1203125
10 0.53828125 0.18046875 0.159375 0.1703125
10 0.6515625 0.346875 0.109375 0.046875
10 0.76875 0.23515625 0.071875 0.05
10 0.6765625 0.27265625 0.05625 0.0765625
10 0.74375 0.28359375 0.0359375 0.0328125
10 0.7921875 0.1484375 0.0328125 0.034375
10 0.82734375 0.12890625 0.0390625 0.040625
10 0.884375 0.20078125 0.0640625 0.0734375
10 0.64609375 0.14140625 0.03125 0.0453125
10 0.7546875 0.43515625 0.0484375 0.0609375
6 0.0984375 0.83125 0.196875 0.3375
