4 0.13984375 0.296875 0.2796875 0.590625
9 0.9155882281250001 0.609375 0.9067708328125 0.2294921875 0.89765625 0.2041015625 0.8807291671874999 0.1923828125 0.8638020828125 0.1884765625 0.6072916671874999 0.1923828125 0.58515625 0.1943359375 0.5526041671874999 0.212890625 0.5447916671874999 0.2314453125 0.5317708328125 0.3173828125 0.49391999531249997 0.609375 0.9155882281250001 0.609375
10 0.61796875 0.28046875 0.0453125 0.040625
10 0.81953125 0.31015625 0.071875 0.04375
10 0.8328125 0.48203125 0.140625 0.2546875
10 0.515625 0.48359375 0.059375 0.2078125
10 0.621875 0.2171875 0.046875 0.0453125
10 0.72421875 0.21875 0.04375 0.0265625
2 0.13984375 0.7203125 0.2796875 0.221875
3 0.7390625 0.8046875 0.521875 0.390625
