1 0.2734375 0.2 0.53125 0.4
10 0.4125 0.11796875 0.2515625 0.209375
10 0.175 0.0921875 0.134375 0.1359375
10 0.075 0.2796875 0.1125 0.234375
2 0.76953125 0.2 0.4609375 0.4
1 0.3746798671875 0.4 0.3590932546875 0.44206586718749996 0.32265370937500004 0.5709614000000001 0.3116969 0.5894790734375001 0.2851651328125 0.69861249375 0.2732802453125 0.7269384046875 0.255974984375 0.796107428125 0.2699926078125 0.9206159140625001 0.2898748578125 0.950262346875 0.3054893875 0.9578762453125 0.3264478 0.9597081249999999 0.3524094625 0.9456568453124999 0.37381212812500003 0.8934697843750001 0.46316712656250003 0.5643137250000001 0.4768810375 0.545430328125 0.4752972625 0.5233489312499999 0.5086854265625 0.4 0.3746798671875 0.4
10 0.3625 0.83515625 0.1171875 0.1734375
10 0.43125 0.59921875 0.1515625 0.296875
10 0.47421875 0.42890625 0.0984375 0.0578125
8 1 1 1 0.4877030203125 0.8787355265624999 0.45893876406250006 0.8357125734374999 0.4520128828125 0.8025744093749999 0.45638933593750003 0.7876370093749999 0.4669722671875 0.7632844828125 0.5415300515625 0.6797126203125 0.8880572546875001 0.6775150765625 0.95169391875 0.683885003125 0.9782207843750002 0.6925145921875 0.9872288328125001 0.7136651125 0.9961208156249999 0.7300779109375 1 1 1
