2 0.08203125 0.3046875 0.1640625 0.5375
9 0.45625 0.4625 0.2125 0.39375
9 0.63125 0.41171875 0.3234375 0.4234375
1 0.86171875 0.378125 0.2765625 0.421875
0 0.36875 0.33984375 0.0375 0.1046875
0 0.43203125 0.41171875 0.14375 0.1375
0 0.70234375 0.54375 0.1625 0.1046875
0 0.78984375 0.24609375 0.1 0.084375
0 0.89921875 0.22734375 0.140625 0.1
0 0.77578125 0.32421875 0.059375 0.075
0 0.78984375 0.38515625 0.05625 0.0578125
0 0.9546875 0.2984375 0.0671875 0.0890625
0 0.95703125 0.37890625 0.065625 0.0765625
0 0.9734375 0.4390625 0.053125 0.071875
0 0.98515625 0.4921875 0.0296875 0.0625
0 0.98203125 0.53515625 0.0359375 0.0296875
0 0.4109375 0.309375 0.06875 0.059375
2 0.175 0.8296875 0.35 0.340625
6 0.675 0.8296875 0.65 0.340625
