2 0.11015625 0.25 0.2203125 0.459375
6 1 0.3094965140625 0.9871838203125 0.3090489625 0.9803024718749999 0.3195573953125 0.9593455046875 0.32273419375 0.9393830921875 0.334740140625 0.7721425140625 0.385575121875 0.7500205828125 0.38480260624999996 0.7263185156249999 0.3546601796875 0.7161188765625 0.3855730484375 0.67595548125 0.41641671718750006 0.6754442578125 0.43105623125000003 0.694077490625 0.45711302031249995 0.716063096875 0.46178940625 0.7870484765625 0.44374795625 0.9059368296875 0.3970874265625 0.9210751687500001 0.4112962765625 0.9378215328125 0.4167668625 0.9742917375000001 0.41706327187500003 0.9874409671875 0.413613821875 0.9918219781250001 0.40008660156250003 0.982536346875 0.367516134375 1 0.3606537953125 1 0.3094965140625
2 0.14765625 0.759375 0.2953125 0.48125
0 0.2171875 0.915625 0.096875 0.16875
0 0.15 0.5765625 0.1625 0.06875
0 0.14375 0.6546875 0.16875 0.06875
0 0.11640625 0.7359375 0.2328125 0.090625
0 0.03125 0.56015625 0.0625 0.0328125
0 0.06796875 0.83984375 0.1359375 0.1359375
0 0.053125 0.9578125 0.10625 0.084375
2 0.73984375 0.73984375 0.5203125 0.5203125
