3 0.265625 0.2546875 0.346875 0.509375
1 0.71953125 0.2546875 0.5609375 0.509375
0 0.78828125 0.05 0.09375 0.096875
0 0.76171875 0.1484375 0.0734375 0.1109375
0 0.759375 0.2484375 0.0796875 0.084375
0 0.76171875 0.32890625 0.0921875 0.090625
0 0.77578125 0.4234375 0.084375 0.1046875
0 0.83125 0.4859375 0.1 0.046875
0 0.68359375 0.4296875 0.1359375 0.103125
11 0.48046875 0.09609375 0.0828125 0.1328125
11 0.46640625 0.2140625 0.0546875 0.103125
11 0.44765625 0.28203125 0.0171875 0.1421875
11 0.59921875 0.0609375 0.1625 0.121875
11 0.58125 0.17734375 0.1171875 0.1359375
11 0.61015625 0.284375 0.14375 0.1109375
11 0.5046875 0.21484375 0.1078125 0.1671875
11 0.515625 0.328125 0.153125 0.115625
1 0.4390625 0.509375 0.4390625 0.9585795671875001 0.451317984375 0.9690428765625001 0.4744785375 0.9760380812499999 0.49962878125000004 0.9778695015625001 0.77917295625 0.9681432000000001 0.7994939625 0.9626964062500001 0.8320414328125001 0.960667871875 0.8572771593749999 0.9418269734375 0.8651001421875 0.90938175 0.8671769687499999 0.8087693234375 0.8628589671875 0.7522335203124999 0.86069365 0.509375 0.4390625 0.509375
