4 0.2671875 0.34375 0.103125 0.43125
9 0.4834288953125 0 0.48308645781250004 0.004105578125 0.49380559531249996 0.24516615625 0.4906157609375 0.2862437078125 0.5001550406249999 0.3104949796875 0.5120424390625 0.32005459687500004 0.5395524578125 0.32934152031249997 0.5576936328125 0.32414130937499996 0.78543829375 0.3152824546875 0.8165983171875 0.3098549984375 0.8333012578125001 0.2968662015625 0.83936755625 0.271365821875 0.828123940625 0.149473171875 0.822422934375 0 0.4834288953125 0
9 0.134375 0.88359375 0.26875 0.2328125
11 0.0265625 0.925 0.053125 0.05625
11 0.09375 0.9046875 0.075 0.0390625
11 0.17265625 0.87734375 0.075 0.0390625
11 0.13359375 0.9921875 0.0390625 0.015625
11 0.17421875 0.9875 0.0359375 0.025
11 0.21171875 0.98359375 0.040625 0.0296875
4 0.78828125 0.7796875 0.4234375 0.440625
