5 0.511660565625 0.3853623640625 0.48359507187500006 0.3303776078125 0.46708631718750004 0.31051003125 0.44751520468750006 0.2615060703125 0.343328365625 0.080977921875 0.32661545468750003 0.059167918750000006 0.3068292546875 0.045536465625 0.2847863953125 0.0478532625 0.2581694546875 0.056542465625 0.2465300890625 0.07053105468750001 0.2395255734375 0.10367133437500001 0.25252234218749997 0.11507056093750001 0.25613640625 0.12451012343750001 0.2343280875 0.1415313953125 0.24425157031250003 0.161109171875 0.24329155 0.176921140625 0.23731874843749998 0.18245861562500001 0.2306921640625 0.2067216984375 0.23255996093750003 0.2369655765625 0.22654584843749997 0.2670559359375 0.22810740937500001 0.2943861765625 0.243788603125 0.3437989828125 0.2703229203125 0.3842155484375 0.31414130625 0.4768222765625 0.3412273265625 0.497542021875 0.3519066734375 0.49936540156250003 0.4157178234375 0.48283916250000003 0.4546582984375 0.4541978125 0.4862576359375 0.4430210546875 0.5120579484375 0.4265621484375 0.5169078859375 0.41034133281249996 0.511660565625 0.3853623640625
10 0.403125 0.2671875 0.1984375 0.3375
9 0.609375 0.709375 0.9216228015624999 0.709375 0.8605447890625 0.2776229625 0.82231186875 0.0508851109375 0.8105931734375 0.026586310937500003 0.78783239375 0.00933973125 0.7477589390625 0.001768321875 0.609375 0.018757878125 0.609375 0.709375
10 0.76953125 0.3015625 0.13125 0.0765625
10 0.678125 0.3078125 0.0734375 0.05
10 0.6828125 0.02890625 0.146875 0.0578125
10 0.79140625 0.0203125 0.0421875 0.0328125
2 0.43671875 0.8546875 0.3453125 0.290625
10 0.38359375 0.90078125 0.1296875 0.1984375
2 0.8046875 0.8546875 0.390625 0.290625
