6 0.3 0.29453125 0.6 0.5890625
8 1 0.5890625 1 0 0.6 0 0.6 0.527838403125 0.6585752828125 0.538382275 0.667983390625 0.5309258453125001 0.6715342453125 0.5382483328125 0.6957482015625 0.5416285953125 0.700506128125 0.5478592578125 0.704375784375 0.5433056281249999 0.716127678125 0.544263509375 0.7261404265625 0.5541685140625 0.7661188531249999 0.5685718046875 0.8490219203125001 0.5873394375000001 0.864546890625 0.5890625 1 0.5890625
1 0.16953125 0.6765625 0.3015625 0.175
10 0.15546875 0.68984375 0.103125 0.103125
7 0.82265625 0.79453125 0.3546875 0.4109375
10 0.809375 0.6328125 0.0875 0.0875
10 0.784375 0.7453125 0.0734375 0.1
10 0.8828125 0.7765625 0.0953125 0.0828125
10 0.94921875 0.74296875 0.0609375 0.0578125
10 0.7296875 0.9921875 0.0875 0.015625
10 0.95703125 0.9125 0.0859375 0.134375
