4 0.190625 0.22421875 0.38125 0.4484375
9 0.86484375 0.203125 0.2703125 0.40625
6 0.109375 0.64921875 0.21875 0.3609375
10 0.659375 0.478125 0.034375 0.01875
10 0.5921875 0.50390625 0.0296875 0.0203125
10 0.55859375 0.51953125 0.0171875 0.0234375
10 0.59921875 0.54453125 0.0265625 0.0234375
10 0.58828125 0.5546875 0.0296875 0.01875
10 0.5640625 0.7140625 0.028125 0.03125
10 0.64765625 0.7515625 0.040625 0.03125
10 0.57421875 0.61171875 0.0359375 0.0296875
10 0.57578125 0.85078125 0.03125 0.0125
10 0.5609375 0.9390625 0.021875 0.015625
10 0.71015625 0.9953125 0.0296875 0.009375
10 0.76328125 0.9953125 0.0265625 0.009375
10 0.78515625 0.990625 0.0265625 0.01875
10 0.8328125 0.9703125 0.0171875 0.0171875
10 0.86015625 0.965625 0.028125 0.0421875
10 0.85390625 0.98984375 0.0390625 0.0203125
10 0.85625 0.9296875 0.046875 0.040625
10 0.865625 0.88515625 0.0359375 0.0296875
10 0.86953125 0.80390625 0.021875 0.034375
10 0.86484375 0.86015625 0.040625 0.0234375
10 0.7921875 0.9265625 0.028125 0.025
10 0.81875 0.9578125 0.0203125 0.025
10 0.73046875 0.90546875 0.021875 0.021875
10 0.740625 0.9296875 0.040625 0.0390625
10 0.64375 0.96796875 0.034375 0.0203125
10 0.6625 0.99296875 0.028125 0.0140625
10 0.690625 0.99296875 0.28125 0.0140625
10 0.88203125 0.51875 0.0265625 0.0765625
10 0.87734375 0.5890625 0.0234375 0.025
10 0.6796875 0.49609375 0.03125 0.025
10 0.59453125 0.47109375 0.0296875 0.0046875
10 0.5625 0.47734375 0.01875 0.0171875
10 0.87265625 0.6453125 0.0203125 0.025
10 0.87265625 0.70078125 0.034375 0.0265625
10 0.86953125 0.74921875 0.0390625 0.021875
10 0.8625 0.7734375 0.0359375 0.0171875
10 0.5609375 0.7953125 0.021875 0.021875
1 0.55 0.46875 0.55 1 0.8602574468749999 1 0.8672795750000001 0.9941343328125001 0.8726234640625 0.9864139203125 0.8785979546875 0.9425661984375001 0.8793346828124999 0.7511436515625001 0.8883153968749999 0.609677278125 0.8889053265625 0.5012726265625 0.8802011703125 0.47767962500000005 0.8687181203125001 0.46875 0.55 0.46875
