5 0 0.2195530625 0.22068715156250002 0.1682900265625 0.23487069531250002 0.161450259375 0.237818178125 0.14729847499999998 0.230710375 0.108948825 0.21929265781249999 0.10423463125000001 0 0.14806085156249998 0 0.2195530625
1 0.7046875 0.1796875 0.590625 0.25625
10 0.56875 0.14921875 0.31875 0.1359375
1 0.18828125 0.78984375 0.3765625 0.4203125
10 0.2265625 0.64375 0.0546875 0.0484375
10 0.14453125 0.73515625 0.0421875 0.0296875
10 0.25859375 0.89609375 0.059375 0.1
10 0.1625 0.81875 0.140625 0.14375
10 0.04453125 0.8828125 0.0890625 0.159375
1 0.646875 0.884375 0.475 0.23125
