2 0.228125 0.3296875 0.45625 0.659375
7 0.6296875 0.659375 1 0.659375 1 0.0589527453125 0.7874752234375 0.050709509374999996 0.754865065625 0.055433682812499996 0.7524771 0.049487346875 0.65526009375 0.0460924546875 0.6296875 0.048398395312499995 0.6296875 0.659375
10 0.81484375 0.08359375 0.3703125 0.0953125
10 0.8 0.58359375 0.340625 0.1515625
10 0.68359375 0.18125 0.0515625 0.059375
10 0.96953125 0.2515625 0.04375 0.0984375
10 0.8 0.38515625 0.14375 0.084375
10 0.82890625 0.2671875 0.14375 0.11875
1 0.29375 0.8296875 0.5875 0.340625
1 0.81484375 0.8953125 0.3703125 0.209375
