2 0.35234375 0.359375 0.15625 0.3796875
8 0.7203125 0.24296875 0.421875 0.4859375
10 0.53984375 0.42265625 0.0609375 0.0671875
10 0.56953125 0.346875 0.078125 0.059375
10 0.62265625 0.26484375 0.0921875 0.1046875
10 0.6921875 0.15390625 0.1015625 0.1046875
10 0.753125 0.0578125 0.0859375 0.090625
1 0.2546875 0.8296875 0.509375 0.340625
11 0.2546875 0.76171875 0.509375 0.2046875
11 0.2546875 0.91640625 0.509375 0.1671875
5 0.6777311953125 0.659375 0.6746336609375 0.7790550796875 0.68245801875 0.8039127031250001 0.6981863890625 0.8272287546874999 0.7059881828125001 0.827637628125 0.7133299921875 0.8368235203125 0.7335951375 0.8730900687500001 0.7625309343750001 0.8931866796874999 0.7880994937500001 0.9277753624999999 0.7956457390624999 0.9330603578125001 0.8087509468749999 0.9317913671875001 0.8227986875 0.9374170921874999 0.836335334375 0.9527950578125001 0.8549424171875 0.9958200296874999 0.8553176828125 1 1 1 1 0.9386972703125 0.771395009375 0.659375 0.6777311953125 0.659375
