8 0.303125 0.3078125 0.371875 0.4625
10 0.2015625 0.19296875 0.059375 0.046875
10 0.42734375 0.37109375 0.1015625 0.0765625
2 0.76328125 0.37734375 0.4734375 0.3234375
8 0.24453125 0.76953125 0.4890625 0.4609375
10 0.440625 0.59765625 0.0546875 0.034375
10 0.1 0.58828125 0.034375 0.03125
10 0.29140625 0.65 0.1296875 0.0921875
10 0.0828125 0.95234375 0.075 0.0953125
10 0.06171875 0.778125 0.071875 0.23125
10 0.1953125 0.615625 0.0546875 0.13125
10 0.04609375 0.56796875 0.0421875 0.0578125
9 1 1 1 0.5390625 0.71925816875 0.5390625 0.5522371374999999 0.9782181453125001 0.551788734375 1 1 1
