4 0.25 0.3640625 0.5 0.571875
8 0.75 0.325 0.5 0.65
10 0.925 0.021875 0.0546875 0.0359375
10 0.58515625 0.00546875 0.0359375 0.0109375
10 0.7734375 0.06640625 0.1328125 0.0984375
10 0.99453125 0.0671875 0.0109375 0.040625
10 0.99296875 0.20390625 0.0140625 0.1484375
10 0.9859375 0.47890625 0.028125 0.3421875
10 0.5953125 0.55625 0.190625 0.1875
10 0.86796875 0.6375 0.0421875 0.025
10 0.7671875 0.64375 0.059375 0.0125
10 0.66953125 0.44609375 0.0171875 0.0296875
10 0.546875 0.3859375 0.0828125 0.153125
10 0.53984375 0.18125 0.0796875 0.234375
10 0.67890625 0.046875 0.0609375 0.09375
3 0.18359375 0.825 0.3671875 0.35
4 0.7078125 0.825 0.415625 0.35
