5 0.355803715625 0 0.3618682171875 0.0139223546875 0.3726480734375 0.0571472421875 0.37861014531250003 0.060411278125 0.3863995640625 0.0550783140625 0.396791640625 0.0562888390625 0.420695321875 0.0753470359375 0.431918103125 0.0977001015625 0.437252759375 0.1477546125 0.431567675 0.17450083593750002 0.41884992656250003 0.19675708281249998 0.4187576828125 0.209716409375 0.454163521875 0.31875 0.4890625 0.31875 0.4890625 0.1071335328125 0.45657990625 0 0.355803715625 0
2 0.7296875 0.15546875 0.48125 0.3109375
8 0.284375 0.659375 0.409375 0.68125
9 0.74453125 0.6421875 0.5109375 0.646875
10 0.946875 0.38125 0.10625 0.125
10 0.6015625 0.43671875 0.075 0.084375
10 0.59140625 0.51484375 0.0484375 0.0328125
10 0.675 0.4625 0.134375 0.1359375
10 0.8421875 0.38359375 0.084375 0.0703125
10 0.959375 0.5875 0.0390625 0.046875
10 0.9828125 0.49375 0.034375 0.05625
10 0.571875 0.8703125 0.05625 0.040625
10 0.68671875 0.8765625 0.059375 0.04375
10 0.8890625 0.88984375 0.0296875 0.034375
10 0.79296875 0.515625 0.1 0.0890625
10 0.67578125 0.3546875 0.1078125 0.071875
10 0.68984375 0.32734375 0.0390625 0.0171875
