9 0.2 0.26171875 0.4 0.5234375
9 0.6189868828125 0 0.6250605578125 0.09294451875000001 0.6360617078125 0.1398046671875 0.6364003265625 0.20666803906250003 0.6489989421875 0.29859127343749997 0.64656673125 0.3215195265625 0.656156490625 0.36756907656250004 0.6534694875 0.3777379609375 0.6581797109374999 0.38404689375 0.6537242796875 0.3904973296875 0.6519038984375 0.4290928 0.6647589593750001 0.4589990796875 0.6865248859374999 0.4760044859375 0.715909303125 0.480267703125 0.9606447593749999 0.454153553125 0.9950629078125001 0.44599194999999997 1 0.44154781718749997 1 0.25810374999999997 0.9668149500000001 0 0.6189868828125 0
10 0.696875 0.39296875 0.04375 0.0359375
10 0.790625 0.4109375 0.0828125 0.05
10 0.70859375 0.4390625 0.05625 0.0375
10 0.9328125 0.42890625 0.1015625 0.0375
10 0.76640625 0.4484375 0.028125 0.0171875
10 0.81875 0.44453125 0.021875 0.0171875
10 0.8703125 0.44453125 0.01875 0.0203125
10 0.959375 0.10625 0.0328125 0.03125
10 0.96796875 0.1390625 0.015625 0.0203125
10 0.64296875 0.11796875 0.021875 0.025
10 0.94375 0.29921875 0.015625 0.025
10 0.9484375 0.34140625 0.0265625 0.0265625
10 0.809375 0.38125 0.0421875 0.03125
10 0.98828125 0.34140625 0.01875 0.025
10 0.7078125 0.021875 0.0359375 0.028125
10 0.98203125 0.4140625 0.0359375 0.04375
4 0.69921875 0.8046875 0.2953125 0.390625
