9 0 0.5 0.174087975 0.5 0.174738825 0.4795431265625 0.195343190625 0.22625998281249998 0.19561309375 0.1279034921875 0.1896775515625 0.090770534375 0.17336945937499998 0.0740097078125 0.14588925156250002 0.06276439218749999 0 0.051961293750000005 0 0.5
8 0.734375 0.25 0.53125 0.5
10 0.9921875 0.0328125 0.015625 0.009375
10 0.8140625 0.15859375 0.0171875 0.0125
10 0.853125 0.08125 0.0171875 0.0125
10 0.85703125 0.1078125 0.0171875 0.0140625
10 0.83046875 0.1046875 0.0203125 0.0171875
10 0.8484375 0.12890625 0.0125 0.009375
10 0.81796875 0.13125 0.0234375 0.0234375
10 0.7796875 0.12578125 0.0171875 0.0171875
10 0.79765625 0.146875 0.0109375 0.0125
10 0.796875 0.171875 0.0140625 0.009375
10 0.721875 0.228125 0.015625 0.0140625
10 0.7390625 0.19609375 0.0328125 0.028125
10 0.5359375 0.1890625 0.0203125 0.0171875
10 0.5234375 0.275 0.0140625 0.015625
10 0.56328125 0.30390625 0.0171875 0.0140625
10 0.5390625 0.37109375 0.0109375 0.0140625
10 0.67421875 0.00703125 0.009375 0.0078125
4 0.17890625 0.66953125 0.3578125 0.3390625
1 0.7046875 0.86640625 0.471875 0.2671875
