9 0.2211759546875 0 0.212123425 0.0209561265625 0.14338502656250002 0.19404067187500001 0.132550109375 0.23666471718749998 0.11619604531250001 0.2551529015625 0.1027030734375 0.2852314046875 0.058791053125000006 0.41666912500000003 0.0395944484375 0.448530421875 0.00836670625 0.5296875 0.1022365671875 0.5296875 0.320874865625 0 0.2211759546875 0
5 0.7296875 0 0.7296875 0.503374675 0.7845517671875 0.3519340890625 0.8768241124999999 0.0430803296875 0.8779315515625001 0.025344892187500002 0.8714799750000001 0 0.7296875 0
8 0.41015625 0.76484375 0.6171875 0.4703125
10 0.18671875 0.63671875 0.0171875 0.0171875
10 0.21484375 0.734375 0.0234375 0.0203125
10 0.225 0.81953125 0.0203125 0.0359375
10 0.3015625 0.8796875 0.034375 0.025
10 0.4625 0.909375 0.175 0.109375
10 0.35703125 0.81796875 0.1328125 0.075
10 0.47109375 0.78671875 0.240625 0.096875
10 0.5828125 0.57421875 0.05 0.0390625
10 0.38125 0.63515625 0.0296875 0.0234375
10 0.44453125 0.6703125 0.03125 0.021875
10 0.43046875 0.540625 0.025 0.01875
10 0.5734375 0.675 0.0203125 0.015625
10 0.5921875 0.73359375 0.025 0.0265625
5 0.7296875 0.5296875 0.7296875 1 0.889725525 1 0.8622518875 0.734992865625 0.8476014984375 0.5296875 0.7296875 0.5296875
