2 0.3828125 0.49375 0.253125 0.271875
4 0.7546875 0.30859375 0.490625 0.6171875
10 0.89765625 0.24453125 0.0703125 0.084375
10 0.7515625 0.29765625 0.2125 0.0921875
10 0.5875 0.175 0.1359375 0.203125
10 0.93359375 0.1328125 0.0953125 0.1703125
9 0 0.6296875 0 0.7029803609374999 0.025660904687500003 0.718625790625 0.02858559375 0.7320326500000001 0.0236468953125 0.7450446109375 0.009562504687499999 0.757435565625 0 0.7624359953125 0 0.9880051484375001 0.006898354687499999 0.989998278125 0.1832285828125 1 0.249437240625 1 0.28296485625 0.99901115 0.29842680312500003 0.9938044875 0.31088973593749997 0.9831108796875 0.3200678921875 0.9460557625 0.3258398125 0.6296875 0 0.6296875
0 0.078125 0.6796875 0.15625 0.1
0 0.16953125 0.87109375 0.3390625 0.2578125
0 0.3 0.7421875 0.0828125 0.1328125
9 0.7296875 0.85703125 0.440625 0.2859375
