8 0.24296875 0.29453125 0.4859375 0.5890625
10 0.084375 0.065625 0.034375 0.01875
11 0.0953125 0.22265625 0.103125 0.059375
11 0.13125 0.25546875 0.0265625 0.0140625
11 0.1359375 0.290625 0.025 0.0171875
11 0.11953125 0.33203125 0.1015625 0.0609375
1 0.6663891921875 0.5890625 0.60741335625 0.48023208593750005 0.5981783734375 0.4519451859375 0.58535046875 0.44487259218749997 0.563489703125 0.401595415625 0.5542617 0.41078160468749997 0.532892328125 0.45520358281249995 0.5358126750000001 0.46662707187499997 0.603784565625 0.5890625 0.6663891921875 0.5890625
10 0.64609375 0.575 0.0640625 0.028125
6 0.34140625 0.79453125 0.3359375 0.4109375
2 0.834375 0.79453125 0.33125 0.4109375
