8 0 0.19806640312499998 0.0222119546875 0.20213885468749998 0.22785998749999997 0.188779134375 0.2861327546875 0.1949038484375 0.3253111984375 0.1771627921875 0.3327291265625 0.1626412359375 0.33642716875 0.136799265625 0.32778895 0.1162183640625 0.31539041874999996 0.1127293375 0.22386918125 0.10529595624999999 0 0.11260706093749999 0 0.19806640312499998
1 0.68984375 0.334375 0.6203125 0.66875
10 0.91171875 0.1046875 0.1765625 0.209375
10 0.66796875 0.10703125 0.3421875 0.2140625
10 0.9453125 0.29296875 0.046875 0.0828125
10 0.98203125 0.42421875 0.0296875 0.0375
10 0.87421875 0.4046875 0.0515625 0.0609375
5 0.04453125 0.834375 0.0890625 0.33125
9 0.68984375 0.834375 0.6203125 0.33125
0 0.57578125 0.796875 0.04375 0.0875
