6 0.34921875 0.13515625 0.2015625 0.2703125
8 0.76484375 0.190625 0.4703125 0.31875
0 0.65 0.14921875 0.1859375 0.1171875
0 0.79609375 0.12421875 0.115625 0.09375
0 0.9265625 0.1125 0.146875 0.08125
0 0.66171875 0.23046875 0.23125 0.109375
0 0.915625 0.1953125 0.16875 0.13125
0 0.80703125 0.2046875 0.090625 0.1015625
0 0.66015625 0.3140625 0.2453125 0.071875
0 0.671875 0.2734375 0.234375 0.071875
0 0.8859375 0.29453125 0.228125 0.1109375
0 0.9265625 0.33359375 0.146875 0.0328125
2 0.225 0.77265625 0.45 0.4546875
8 0.725 0.675 0.55 0.65
