8 0.4796875 0 0 0 0 0.2381285546875 0.0431196875 0.2330637859375 0.44905398124999996 0.16580390312499999 0.4796875 0.1542235328125 0.4796875 0
1 0.56875 0.19453125 0.178125 0.3890625
10 0.5203125 0.30390625 0.08125 0.1578125
10 0.515625 0.1 0.071875 0.184375
3 0.2375 0.66015625 0.475 0.5421875
8 0.784375 0.69453125 0.43125 0.6109375
10 0.65703125 0.5390625 0.09375 0.0875
10 0.99296875 0.57890625 0.0140625 0.0390625
10 0.6796875 0.64140625 0.0375 0.034375
10 0.8796875 0.66171875 0.1375 0.1046875
10 0.74296875 0.975 0.0890625 0.05
10 0.68125 0.83515625 0.0953125 0.2359375
10 0.77890625 0.6484375 0.0671875 0.134375
10 0.6203125 0.6234375 0.0484375 0.08125
10 0.86640625 0.47421875 0.2671875 0.1046875
