7 0.027770015624999998 0.3517421328125 0.0213196296875 0.3530580859375 0.035344804687499995 0.3718811109375 0.062475187499999994 0.3919731265625 0.0941708890625 0.42453861875000004 0.1034774171875 0.4279624953125 0.109343034375 0.44036782656250006 0.1798718078125 0.49241202343749996 0.1954753953125 0.4915942734375 0.1988140890625 0.48066237031250003 0.18364194218750002 0.46483316406249997 0.044316134374999996 0.34402966875 0.0363610140625 0.3415128703125 0.027770015624999998 0.3517421328125
10 0.0578125 0.35703125 0.06875 0.0390625
10 0.16640625 0.47109375 0.0859375 0.0671875
2 0.75390625 0.38203125 0.4921875 0.6953125
10 0.85625 0.721875 0.025 0.015625
10 0.99140625 0.6453125 0.0171875 0.03125
10 0.984375 0.521875 0.03125 0.046875
10 0.91015625 0.625 0.0375 0.034375
10 0.95 0.61171875 0.028125 0.0234375
10 0.79765625 0.434375 0.0296875 0.1140625
10 0.80078125 0.34375 0.025 0.0375
10 0.81171875 0.290625 0.0390625 0.04375
10 0.84296875 0.240625 0.034375 0.046875
2 0.225 0.86484375 0.45 0.2703125
7 1 1 1 0.8527812546875 0.9772724484375 0.8342212296875001 0.9378034968750001 0.8274885859375001 0.531752484375 0.8419234984375 0.502356703125 0.85324309375 0.48387440625 0.8737697624999999 0.47340431875 0.947661178125 0.4783048359375 0.9914099734375 0.4778413421875 1 1 1
