1 0.303125 0.16953125 0.5125 0.3390625
6 1 0 0.744475984375 0 0.677950834375 0.0932765734375 0.6589472984375 0.1267291375 0.6650489421875 0.1473699640625 0.6852767234374999 0.159738265625 0.7152148374999999 0.167860259375 0.8357250484375001 0.2152070421875 0.8683215390625 0.21169055 0.8994025109375 0.1784564390625 1 0.043176815625 1 0
5 0.559375 0.5623631359375001 0.048403384375000004 0.680330228125 0 0.697016371875 0 0.7787007890625001 0.00788601875 0.7768801578125 0.0403837859375 0.76135945625 0.24376754687500002 0.710395615625 0.24945206406249998 0.706076490625 0.3209392390625 0.691576875 0.3325279546875 0.683890159375 0.3560237890625 0.68147246875 0.48135714218750003 0.6455212343750001 0.50104684375 0.6439822578125 0.5397178484375 0.632047603125 0.559375 0.6301991984375 0.559375 0.5623631359375001
10 0.07734375 0.746875 0.1546875 0.18125
10 0.2734375 0.64375 0.071875 0.0765625
10 0.4484375 0.5921875 0.0296875 0.040625
10 0.50703125 0.58203125 0.0328125 0.0421875
10 0.55234375 0.5796875 0.0140625 0.0375
10 0.20078125 0.7015625 0.03125 0.0359375
2 0.77890625 0.7140625 0.4390625 0.571875
