8 0.31484375 0.3546875 0.6296875 0.709375
10 0.45703125 0.05625 0.0609375 0.1125
3 0.81484375 0.3546875 0.3703125 0.709375
9 0.75625 0.8546875 0.253125 0.290625
11 0.65390625 0.815625 0.0484375 0.046875
11 0.7046875 0.79765625 0.0421875 0.034375
11 0.74765625 0.7890625 0.0390625 0.0421875
11 0.78828125 0.778125 0.0359375 0.0390625
11 0.82578125 0.76640625 0.040625 0.0296875
11 0.64765625 0.93828125 0.0359375 0.0484375
11 0.690625 0.92890625 0.0453125 0.0359375
11 0.7328125 0.915625 0.0359375 0.040625
11 0.77109375 0.89609375 0.0453125 0.040625
11 0.81171875 0.88359375 0.0375 0.0359375
11 0.846875 0.87421875 0.0296875 0.03125
11 0.84765625 0.99375 0.0453125 0.0125
