4 0.2796875 0.16953125 0.559375 0.3390625
9 0.72890625 0.14296875 0.3390625 0.2859375
11 0.58359375 0.04453125 0.0484375 0.0578125
11 0.63671875 0.028125 0.0640625 0.053125
11 0.68984375 0.0109375 0.0453125 0.021875
11 0.73125 0.00625 0.04375 0.0125
11 0.60234375 0.1609375 0.059375 0.0515625
11 0.64921875 0.15 0.0453125 0.053125
11 0.69140625 0.13515625 0.05 0.040625
11 0.73203125 0.11640625 0.040625 0.04375
11 0.76796875 0.09296875 0.05 0.0453125
11 0.80625 0.07578125 0.040625 0.040625
11 0.83984375 0.06171875 0.034375 0.034375
11 0.75625 0.2265625 0.0703125 0.0375
11 0.8109375 0.20625 0.0484375 0.0390625
11 0.85625 0.1875 0.0484375 0.03125
7 0.22734375 0.61015625 0.4546875 0.5421875
3 0.7796875 0.58125 0.440625 0.484375
