4 0.225 0.175 0.36875 0.35
3 0.53828125 0.259375 0.2515625 0.51875
10 0.5703125 0.040625 0.078125 0.08125
9 0.2046875 0.71171875 0.409375 0.3859375
11 0.034375 0.54453125 0.06875 0.0515625
11 0.0265625 0.59453125 0.053125 0.0703125
11 0.0203125 0.64765625 0.040625 0.0546875
11 0.025 0.6921875 0.05 0.0625
11 0.01484375 0.73671875 0.0296875 0.0515625
11 0.01875 0.78203125 0.0375 0.0546875
11 0.32734375 0.8640625 0.1046875 0.0625
11 0.33359375 0.8109375 0.1171875 0.0734375
11 0.340625 0.75234375 0.1171875 0.071875
11 0.34296875 0.69140625 0.103125 0.075
11 0.35859375 0.640625 0.1 0.053125
11 0.3609375 0.58046875 0.096875 0.0828125
11 0.36484375 0.53671875 0.0890625 0.0359375
9 0.7046875 0.759375 0.590625 0.48125
