8 0.1751314390625 0 0.159896578125 0.0659894296875 0.15113655625 0.0749917703125 0.151037834375 0.0869959796875 0.144815234375 0.09658413125000001 0.145375546875 0.105733740625 0.1508403875 0.11100439843750001 0.1458371375 0.12688755937500001 0.1398835765625 0.129522071875 0.1431516296875 0.1443080625 0.07502898125 0.416226490625 0.0759521609375 0.458534128125 0.09544441718749999 0.48408152187500003 0.12076927500000001 0.4959417265625 0.44710111250000006 0.56875 0.5814232296874999 0.56875 0.5949314593749999 0.5432711859375 0.6511963515625 0.2706196796875 0.65183315625 0.24470819531250002 0.6663541875 0.204963884375 0.7106641265625 0 0.1751314390625 0
10 0.41484375 0.0546875 0.0375 0.040625
10 0.17890625 0.46640625 0.0484375 0.0265625
10 0.46640625 0.55703125 0.0609375 0.0234375
10 0.321875 0.5390625 0.0796875 0.0484375
1 0.83984375 0.33515625 0.2421875 0.4234375
0 0.7703125 0.1765625 0.1 0.0859375
0 0.87734375 0.20625 0.1421875 0.1015625
0 0.7359375 0.240625 0.034375 0.075
0 0.72890625 0.30234375 0.0203125 0.0578125
0 0.89765625 0.29375 0.06875 0.090625
0 0.865625 0.36796875 0.0671875 0.078125
0 0.86484375 0.43359375 0.0734375 0.071875
0 0.86015625 0.48984375 0.0671875 0.0625
0 0.82734375 0.521875 0.0453125 0.03125
4 0.46953125 0.8234375 0.4984375 0.353125
2 0.90078125 0.784375 0.1984375 0.43125
