9 0.21631079375 0 0.2167888 0.0043068828125 0.237550790625 0.131590109375 0.2525042375 0.31770315312499997 0.25548562812500003 0.333041078125 0.26757427968749997 0.3406396875 0.2788913859375 0.3374450234375 0.302378690625 0.314972425 0.3015838984375 0.2494674421875 0.2700058609375 0 0.21631079375 0
10 0.28203125 0.2875 0.05 0.05625
8 0.775 0.175 0.45 0.35
10 0.796875 0.034375 0.321875 0.06875
10 0.634375 0.07265625 0.0828125 0.05625
10 0.609375 0.18359375 0.05625 0.1484375
10 0.825 0.33984375 0.109375 0.0203125
10 0.9515625 0.3140625 0.096875 0.071875
6 0.3046875 0.675 0.290625 0.65
1 0.725 0.675 0.55 0.65
