7 0.55 0 0.1524605046875 0 0.1525542140625 0.00017983906250000002 0.1457074703125 0.0115567171875 0.1317594921875 0.0996668296875 0.0603296421875 0.3968789171875 0.0559135265625 0.43603620000000004 0.0222113046875 0.5604858312500001 0.027236143750000004 0.593945340625 0.03879424375 0.6119239765625 0.049961632812500004 0.620747071875 0.090310540625 0.6358394781250001 0.1045441328125 0.6390625 0.5499897234375 0.6390625 0.55 0.6390171421875 0.55 0
10 0.28125 0.5859375 0.5375 0.10625
10 0.2828125 0.44609375 0.3953125 0.33125
10 0.52734375 0.38828125 0.0453125 0.1296875
10 0.52734375 0.60390625 0.0453125 0.0703125
10 0.52734375 0.10078125 0.0453125 0.1046875
10 0.53671875 0.246875 0.0265625 0.0625
10 0.34296875 0.196875 0.15625 0.1109375
10 0.3953125 0.08671875 0.1625 0.14375
4 0.775 0.28203125 0.45 0.5640625
10 0.60859375 0.03203125 0.0171875 0.015625
10 0.51171875 0.81171875 0.0625 0.0453125
10 0.2390625 0.66015625 0.0703125 0.0390625
10 0.44921875 0.7140625 0.11875 0.065625
8 0.030843206249999998 0.6390625 0.0288095546875 0.64188208125 0.018332328125 0.6785217015625 0 0.7491752375 0 1 0.4683579921875 1 0.518250703125 0.8102105625 0.52452698125 0.7473620624999999 0.5084828734375 0.72021326875 0.46788959218750004 0.700027640625 0.21985247812500003 0.6390625 0.030843206249999998 0.6390625
3 0.775 0.90078125 0.45 0.1984375
