9 0.45256130156249996 0.46875 0.44614952499999994 0.390501046875 0.4409537265625 0.37827675 0.4327958359375 0.2110220859375 0.421118190625 0.111107828125 0.40069785781249995 0.095368671875 0.30003032812499997 0.0741322421875 0.21392829687499998 0.059265271875000004 0.2016311828125 0.0604352609375 0.1877963171875 0.06826598125 0.18208466875 0.0930058453125 0.18944033437500002 0.22900554999999997 0.2149799765625 0.2920300953125 0.1990199171875 0.3264309296875 0.19611473125 0.34480296718750003 0.204153590625 0.46875 0.45256130156249996 0.46875
10 0.25 0.1453125 0.0171875 0.0171875
10 0.2421875 0.08203125 0.0140625 0.009375
10 0.21953125 0.078125 0.0140625 0.0109375
9 0.6296875 0 0.6296875 0.4090304171875 0.818868496875 0.43650731093750006 0.9270273343750001 0.44844849531250003 0.94759575 0.4461813375 0.9667251406249999 0.4385707046875 0.9770229125000001 0.4229076296875 0.97975778125 0.399485021875 0.970958190625 0.3102577171875 0.971375315625 0.28529776562500003 0.9758898468750001 0.2773197765625 0.9681392890625 0.189336909375 0.9489925640625 0.121774784375 0.9452135593750001 0.091837078125 0.9448778234375 0.029620060937499998 0.9513201015625 0.0190803765625 0.95205833125 0 0.6296875 0
10 0.84140625 0.4234375 0.0328125 0.0296875
8 0.31484375 0.734375 0.6296875 0.53125
10 0.09453125 0.5015625 0.0125 0.0140625
9 1 1 1 0.747401428125 0.8242234187499999 0.73442478125 0.7945543453124999 0.7355931359375 0.778132696875 0.7488401515625001 0.7742278406249999 0.7599656453125 0.7817364859375 0.8258431609375 0.8029541453125001 0.9249531531249999 0.8125286687500001 1 1 1
10 0.9609375 0.96953125 0.071875 0.0609375
10 0.93125 0.75234375 0.0484375 0.0390625
