4 0.184375 0.2 0.36875 0.4
10 0.1046875 0.165625 0.0203125 0.034375
10 0.153125 0.19140625 0.0140625 0.0109375
10 0.05625 0.11328125 0.0125 0.009375
10 0.04453125 0.1828125 0.0234375 0.0359375
10 0.0171875 0.31875 0.0125 0.0203125
10 0.271875 0.14375 0.0296875 0.03125
10 0.11875 0.03515625 0.034375 0.034375
10 0.05859375 0.03046875 0.0203125 0.028125
2 0.5609375 0.2 0.384375 0.4
3 0.175 0.75859375 0.35 0.4828125
10 0.0765625 0.57578125 0.153125 0.0890625
10 0.2234375 0.65390625 0.165625 0.165625
10 0.053125 0.715625 0.10625 0.1375
10 0.2375 0.8046875 0.078125 0.103125
5 0.8564801203125001 1 0.8686249 0.907396065625 0.9079863359375 0.6829812015625001 0.9058943984375001 0.6679658984375 0.892171059375 0.6515224390625 0.864809865625 0.639307840625 0.7023273015625 0.6164058015625 0.639817115625 0.6126661015625 0.6231184515624999 0.6204547265625 0.6107562062499999 0.6356630703125 0.5911861187499999 0.7523116203125 0.5736576734375 0.9164378750000001 0.560212 1 0.8564801203125001 1
