6 0.49375 0.259375 0.6125 0.51875
3 0.821875 0.26640625 0.04375 0.5046875
9 0.5347003328125 1 0.5024707171875 0.7589278328125 0.4908532359375 0.7421191578125 0.47075647031249995 0.7347139359374999 0.2960892328125 0.7381173343749999 0.25602733906249997 0.7438555765625 0.23585784843750002 0.7540764890625 0.22901808125 0.7682600328125 0.2466210546875 0.9079975046875 0.261099640625 0.96572189375 0.26349659999999997 1 0.5347003328125 1
3 0.9 0.759375 0.2 0.48125
10 0.95625 0.5515625 0.071875 0.065625
10 0.8859375 0.5609375 0.065625 0.084375
10 0.82109375 0.55859375 0.0421875 0.0796875
10 0.85703125 0.7140625 0.0625 0.184375
10 0.91875 0.73359375 0.0546875 0.1125
10 0.97890625 0.75 0.0421875 0.1625
