5 0 0 0 0.28961888125 0.0124373921875 0.29203646562499996 0.1815534359375 0.3159557296875 0.197450371875 0.31606125937499996 0.21720798593750001 0.30995334531249996 0.23278464375 0.2980585328125 0.24420654218750001 0.27341803124999997 0.3209992296875 0 0 0
8 0.67421875 0.209375 0.4703125 0.41875
0 0.5046875 0.0546875 0.13125 0.109375
0 0.70703125 0.01796875 0.0953125 0.0359375
0 0.6828125 0.08828125 0.09375 0.1390625
0 0.54609375 0.11953125 0.1453125 0.1375
0 0.47421875 0.30703125 0.0703125 0.0984375
0 0.7703125 0.07421875 0.1421875 0.10625
2 0.259375 0.65078125 0.359375 0.4640625
2 0.71953125 0.709375 0.5609375 0.58125
