9 0.4765625 0.58359375 0.52734375 0.7328125
10 0.67890625 0.27734375 0.0484375 0.0453125
10 0.48984375 0.33515625 0.078125 0.0375
10 0.5546875 0.2703125 0.0359375 0.0328125
10 0.3125 0.4703125 0.06875 0.040625
10 0.4125 0.4765625 0.03125 0.02578125
10 0.42578125 0.5390625 0.03125 0.0234375
10 0.25234375 0.7203125 0.0421875 0.03671875
10 0.26953125 0.571875 0.01171875 0.06953125
10 0.26796875 0.89453125 0.0703125 0.040625
10 0.38125 0.90625 0.0421875 0.0109375
10 0.47421875 0.853125 0.02421875 0.01953125
10 0.50078125 0.81640625 0.0375 0.01953125
10 0.259375 0.771875 0.02734375 0.028125
10 0.24140625 0.80625 0.02421875 0.115625
10 0.29375 0.3359375 0.034375 0.1859375
10 0.4 0.271875 0.0296875 0.03046875
10 0.3921875 0.3359375 0.01953125 0.015625
10 0.68984375 0.459375 0.01953125 0.01953125
