8 0.28984375 0.25 0.5796875 0.5
8 0.79453125 0.25 0.4109375 0.5
10 0.63359375 0.053125 0.053125 0.0390625
10 0.88046875 0.09296875 0.1515625 0.071875
1 0.29453125 0.75 0.5890625 0.5
10 0.40625 0.5734375 0.365625 0.146875
10 0.128125 0.55859375 0.25625 0.1171875
10 0.33515625 0.70625 0.0515625 0.0859375
10 0.3625 0.8390625 0.0328125 0.0390625
10 0.25703125 0.8125 0.0546875 0.0640625
5 0.5890625 0.5 0.5890625 1 0.8036601453125 1 0.8048985390624999 0.9796369609374999 0.7894156640625 0.9699655203125002 0.726403909375 0.8924158015625 0.7322114281250001 0.8894733140625 0.733038390625 0.869786578125 0.7413895859374999 0.8524181953125 0.76440823125 0.8118537640625 0.7734586671875 0.8055165796875 0.7986075046875 0.760369621875 0.7986818296875 0.75244970625 0.824455584375 0.7262538609375 0.8590683406250001 0.66492635 0.8835597953125 0.6385044 0.886273046875 0.623116778125 0.9611495640625 0.5 0.5890625 0.5
