3 0.09765625 0.4234375 0.1953125 0.240625
10 0.075 0.465625 0.0171875 0.053125
3 0.66953125 0.36015625 0.6609375 0.6984375
10 0.5046875 0.09609375 0.175 0.128125
10 0.5890625 0.21875 0.1515625 0.1625
10 0.71328125 0.37734375 0.109375 0.040625
10 0.82265625 0.2578125 0.0703125 0.0453125
10 0.73359375 0.3015625 0.0515625 0.075
10 0.8015625 0.30703125 0.034375 0.03125
10 0.83984375 0.16953125 0.03125 0.034375
10 0.87421875 0.146875 0.0375 0.0390625
10 0.9359375 0.21484375 0.0609375 0.0703125
10 0.69375 0.17265625 0.028125 0.0453125
10 0.75234375 0.70546875 0.0296875 0.0078125
10 0.7203125 0.68203125 0.05 0.0546875
10 0.8234375 0.4578125 0.0453125 0.059375
2 0.15625 0.8546875 0.3125 0.290625
5 0.66953125 0.8546875 0.6609375 0.290625
