5 0.31640625 0.15 0.3046875 0.3
3 0.66484375 0.15 0.3921875 0.3
10 0.81640625 0.27578125 0.0171875 0.0484375
1 0 0.3 0 1 0.46875 1 0.46875 0.4392110234375 0.46835825625 0.41364026406250004 0.45042660156250003 0.313258628125 0.449266621875 0.3 0 0.3
7 0.734375 0.65 0.53125 0.7
10 0.95234375 0.38984375 0.0671875 0.115625
10 0.96015625 0.50234375 0.0796875 0.1015625
10 0.9640625 0.6328125 0.071875 0.146875
10 0.49140625 0.46015625 0.0453125 0.1328125
10 0.73359375 0.49921875 0.1234375 0.1390625
10 0.4953125 0.59921875 0.053125 0.0953125
10 0.59296875 0.60234375 0.090625 0.075
10 0.646875 0.55078125 0.0578125 0.053125
10 0.509375 0.959375 0.0625 0.08125
10 0.96953125 0.95703125 0.0609375 0.0859375
10 0.978125 0.85859375 0.04375 0.1109375
10 0.975 0.7515625 0.05 0.109375
10 0.51328125 0.88203125 0.08125 0.071875
10 0.75625 0.91953125 0.0375 0.03125
10 0.721875 0.70625 0.1171875 0.125
10 0.55625 0.33671875 0.128125 0.0734375
10 0.86015625 0.3140625 0.0859375 0.028125
