4 0.31953125 0.275 0.6390625 0.55
10 0.17578125 0.28046875 0.0953125 0.0734375
10 0.22734375 0.1234375 0.0984375 0.0625
10 0.08125 0.265625 0.053125 0.0640625
10 0.51640625 0.446875 0.059375 0.05
10 0.353125 0.440625 0.1265625 0.0921875
10 0.30390625 0.54296875 0.0484375 0.0140625
10 0.1984375 0.45546875 0.0359375 0.0390625
3 0.81953125 0.346875 0.3609375 0.40625
10 0.64453125 0.4296875 0.0109375 0.05
5 0.6390625 0.55 0.166145575 0.55 0.1746136171875 0.578873409375 0.174345734375 0.604791334375 0.191599425 0.6253137296875 0.220563190625 0.74702333125 0.2466009125 0.8195596703125 0.24739865625 0.837311734375 0.27383525 0.91872410625 0.27242314843750004 0.9319315187499999 0.28011830937500004 0.9373996140624999 0.2871467171875 0.959909603125 0.2927859546875 1 0.5548967874999999 1 0.6390625 0.9713280937500001 0.6390625 0.55
5 1 0.55 0.8160175000000001 0.55 0.822849425 0.5581262296875 0.8518131906249999 0.6798358312499999 0.8778509124999999 0.7523721703125 0.87864865625 0.770124234375 0.90508525 0.85153660625 0.9036731484375 0.86474401875 0.911368309375 0.8702121140625 0.9183967171875 0.8927221031249999 0.9253435781249999 0.9421086359374999 0.9415316421875 0.9707968921875001 0.9582001234374999 0.981484634375 0.9865583843750001 0.9908949546875 1 0.9891435484375 1 0.55
