9 0.00876023125 0 0.007126718749999999 0.09717593906250001 0 0.212490096875 0 0.31875 0.060129175 0.31875 0.0630298703125 0.042577381250000004 0.066930171875 0.0204576765625 0.0636945234375 0 0.00876023125 0
10 0.025 0.09765625 0.0359375 0.0234375
3 0.759375 0.22734375 0.48125 0.1828125
10 0.8421875 0.28515625 0.065625 0.0625
10 0.75234375 0.246875 0.0375 0.0328125
10 0.94765625 0.31171875 0.0296875 0.0140625
10 0.71640625 0.2171875 0.096875 0.0453125
0 0.565625 0.20546875 0.0734375 0.0359375
7 0 0.31875 0 0.868862065625 0.230364696875 0.9218327828125 0.269003328125 0.9276541875 0.3052260046875 0.9171835546875 0.32049744375 0.898060515625 0.327301503125 0.874469565625 0.43790626718750003 0.3971667671875 0.45252732656249994 0.31875 0 0.31875
10 0.30234375 0.8890625 0.14375 0.1125
10 0.14453125 0.87890625 0.0765625 0.053125
5 0.51875 1 1 1 1 0.31875 0.531349953125 0.31875 0.524511646875 0.3575319671875 0.526418865625 0.376709184375 0.5195195499999999 0.3933419453125 0.519052675 0.42598333125 0.51875 0.42794725156249996 0.51875 1
