8 0.2203125 0.32109375 0.440625 0.3765625
10 0.2578125 0.1953125 0.0828125 0.034375
10 0.071875 0.17890625 0.1390625 0.0578125
10 0.02734375 0.41328125 0.053125 0.03125
10 0.2640625 0.4390625 0.0359375 0.01875
10 0.3640625 0.37890625 0.0625 0.034375
9 0.71015625 0.2546875 0.4203125 0.509375
10 0.7328125 0.06875 0.1640625 0.096875
10 0.8703125 0.15546875 0.08125 0.1125
10 0.84140625 0.40859375 0.03125 0.084375
5 0.25 0.7546875 0.5 0.490625
9 0.8378637203124999 1 0.840686559375 0.995041121875 0.8314370171875 0.9873888828125 0.8313347578125001 0.9815304000000001 0.8396639562499999 0.9364562953124999 0.8472025734375 0.920697328125 0.858817278125 0.9146343265624999 0.85868093125 0.9068230156249999 0.8715463921875 0.897808046875 0.872473321875 0.8763042203125 0.8644915781249999 0.8666764296875 0.865691203125 0.860795221875 0.8732979921874999 0.8489419093749999 0.8805639156249999 0.817560321875 0.8907403890625 0.803708734375 0.8930544218750001 0.78706425 0.896943034375 0.7860196640625 0.8941688296875 0.7763009750000001 0.8990695890625 0.7586346296875 0.9194054921875001 0.7299550375 0.93061115625 0.7004581046875 0.9414418671875 0.64948006875 0.939713896875 0.6250924484375 0.925256815625 0.6175311078125001 0.9096682812499999 0.6197566296875 0.899423634375 0.6297025625 0.8149517734374999 0.8636343046875 0.8076006343750001 0.8901338234375 0.810323709375 0.8969232703125 0.80391654375 0.902895375 0.7839555953125 0.9530560687499999 0.7673183484375 1 0.8378637203124999 1
10 0.8125 0.9625 0.03125 0.075
