3 0.19453125 0.23984375 0.3890625 0.4796875
1 0.7165437140625001 0.5890625 0.83841168125 0.49628007968750004 0.8562866421875001 0.478636715625 0.8597560999999999 0.46219419687499996 0.8564174062500001 0.45126229375 0.8019130499999999 0.3965769984375 0.466062934375 0.087560840625 0.4270825125 0.060092493749999996 0.4037793515625 0.056915421875000004 0.3890625 0.061571459375000005 0.3890625 0.432140796875 0.4816923703125 0.510833903125 0.562583034375 0.58450429375 0.568793984375 0.5890625 0.7165437140625001 0.5890625
10 0.52265625 0.15859375 0.2328125 0.1609375
10 0.53515625 0.51796875 0.059375 0.0484375
10 0.71484375 0.4015625 0.1390625 0.1
3 0.25390625 0.79453125 0.2703125 0.4109375
1 0.73125 0.79453125 0.5375 0.4109375
11 0.71015625 0.62734375 0.0578125 0.0765625
11 0.671875 0.68984375 0.0640625 0.1
11 0.64375 0.77734375 0.0828125 0.1
11 0.59921875 0.85390625 0.0734375 0.0828125
11 0.565625 0.91484375 0.096875 0.0625
11 0.559375 0.96875 0.103125 0.0625
