1 0.4296875 0.9296875 0.44921875 0.9326171875 0.4700520828125 0.92578125 0.4778645828125 0.9013671875 0.4791666671875 0.5646162109375 0.48046875 0.5146484375 0.4869791671875 0.505859375 0.4817708328125 0.365234375 0.4908854171875 0.3232421875 0.48828125 0.216796875 0.4778645828125 0.1943359375 0.45703125 0.1875 0.44140625 0.1904296875 0.4283854171875 0.2080078125 0.4231770828125 0.4912109375 0.4166666671875 0.5048828125 0.421875 0.529296875 0.4088541671875 0.8955078125 0.4166666671875 0.921875 0.4296875 0.9296875
10 0.46171875 0.2078125 0.0703125 0.04375
10 0.45546875 0.4 0.05546875 0.04765625
10 0.459375 0.28359375 0.0453125 0.04296875
10 0.45 0.5421875 0.05390625 0.0484375
10 0.46171875 0.68203125 0.05390625 0.05234375
10 0.44453125 0.7359375 0.084375 0.034375
10 0.47109375 0.775 0.02421875 0.0171875
10 0.4359375 0.80625 0.0296875 0.02578125
10 0.434375 0.8359375 0.02265625 0.0171875
10 0.45 0.90234375 0.0828125 0.0734375
10 0.4703125 0.8625 0.0328125 0.0453125
