5 0.24453125 0.1 0.4890625 0.2
1 0.6515625 0.09296875 0.325 0.1859375
8 0.24453125 0.6 0.4890625 0.8
10 0.2828125 0.22890625 0.06875 0.0328125
10 0.23828125 0.22578125 0.0078125 0.0078125
10 0.29921875 0.29609375 0.1359375 0.1125
10 0.37578125 0.32265625 0.0328125 0.025
10 0.39765625 0.35625 0.021875 0.015625
10 0.30703125 0.6765625 0.01875 0.0140625
10 0.3546875 0.6046875 0.0171875 0.0140625
10 0.35546875 0.63125 0.01875 0.015625
10 0.3296875 0.625 0.021875 0.0203125
10 0.34453125 0.65078125 0.0125 0.0109375
10 0.3140625 0.65 0.025 0.025
10 0.2765625 0.63984375 0.01875 0.01875
10 0.2921875 0.6625 0.0125 0.0125
10 0.28828125 0.6875 0.0140625 0.0109375
10 0.20625 0.734375 0.0171875 0.0140625
10 0.228125 0.70390625 0.0359375 0.03125
10 0.02734375 0.67265625 0.0203125 0.01875
10 0.00546875 0.75546875 0.0109375 0.0171875
10 0.040625 0.78984375 0.01875 0.015625
10 0.0078125 0.85390625 0.0125 0.0140625
10 0.01328125 0.4109375 0.0078125 0.00625
10 0.06171875 0.3703125 0.009375 0.00625
10 0.0296875 0.36328125 0.0078125 0.00625
10 0.034375 0.37109375 0.00625 0.0046875
10 0.0421875 0.353125 0.0109375 0.009375
10 0.07421875 0.3484375 0.009375 0.009375
10 0.18671875 0.50859375 0.009375 0.009375
10 0.19375 0.47265625 0.009375 0.015625
10 0.2109375 0.4625 0.0171875 0.0140625
2 0.74453125 0.6 0.5109375 0.8
