10 0.13828125 0.2296875 0.0515625 0.028125
10 0.1515625 0.20546875 0.0484375 0.0171875
10 0.02265625 0.0390625 0.0453125 0.028125
10 0.15 0.31953125 0.0296875 0.0125
10 0.08203125 0.3546875 0.0875 0.0421875
10 0.24609375 0.29609375 0.0421875 0.0203125
1 0.409375 0.3796875 0.409375 0.0137522671875 0.166744071875 0.020220459375 0.151867296875 0.0195034234375 0.149625175 0.01270558125 0.1433419359375 0.0176988125 0.1200591 0.0220120609375 0.062742990625 0.0230125171875 0.0479514328125 0.02717755 0.0226480390625 0.037386334375000004 0.00811213125 0.0561975734375 0.007881125 0.1646165546875 0 0.17165699843749999 0 0.1965197203125 0.0084946859375 0.1997674515625 0.01083906875 0.21242377656250003 0.0088601984375 0.3423609140625 0 0.34485578437500003 0 0.36162137968749997 0.011528406250000001 0.3735691015625 0.0113523234375 0.3796875 0.409375 0.3796875
3 0.78671875 0.18984375 0.4265625 0.3796875
6 0.3078125 0.8265625 0.203125 0.346875
2 0.696875 0.68984375 0.575 0.6203125
0 0.5390625 0.4296875 0.259375 0.0875
0 0.75546875 0.65078125 0.03125 0.01875
0 0.7953125 0.671875 0.021875 0.0140625
0 0.81953125 0.69140625 0.0359375 0.0234375
0 0.69765625 0.7359375 0.021875 0.03125
0 0.70859375 0.76875 0.021875 0.025
0 0.725 0.809375 0.03125 0.040625
0 0.7359375 0.84609375 0.028125 0.0234375
0 0.75546875 0.8703125 0.0375 0.034375
0 0.42109375 0.81640625 0.0234375 0.0234375
0 0.44140625 0.7953125 0.0125 0.021875
0 0.4296875 0.49140625 0.040625 0.0296875
0 0.42109375 0.53828125 0.0234375 0.0296875
0 0.4578125 0.50390625 0.034375 0.0296875
0 0.8046875 0.54609375 0.05625 0.03125
10 0.80703125 0.3921875 0.0453125 0.025
11 0.5078125 0.525 0.196875 0.25625
11 0.5265625 0.78515625 0.234375 0.2671875
11 0.5484375 0.95703125 0.278125 0.0859375
