5 0.2921875 0.32734375 0.53125 0.5375
7 1 0.1661271484375 0.8273202281250001 0.087836665625 0.7686247078124999 0.065686646875 0.729280759375 0.0634101203125 0.7051933765625 0.07343735 0.687630425 0.09240783125 0.67431525 0.1179835078125 0.61404208125 0.24784887812499998 0.59685361875 0.27281108593750003 0.56875 0.3304017828125 0.56875 0.7890625 0.8538152390625001 0.7890625 0.8584609125 0.7769738140625 0.8595451531249999 0.7534158890625 0.8752059359375 0.7380990749999999 0.8791779046875 0.7130210499999999 0.8667401171875 0.6912763890625 0.8701010140625 0.6700565218750001 0.9016442984375 0.646379159375 0.9220801140624999 0.6426947249999999 0.9303688093750001 0.6321427 0.9424767062499999 0.597477190625 0.9542642015624999 0.5815469078125 1 0.48426581406249997 1 0.1661271484375
10 0.72265625 0.3328125 0.0578125 0.0625
10 0.76953125 0.39765625 0.0859375 0.0671875
10 0.89296875 0.4796875 0.165625 0.128125
10 0.74921875 0.55390625 0.2484375 0.1875
10 0.6796875 0.74375 0.221875 0.090625
10 0.95234375 0.25390625 0.0953125 0.2171875
10 0.8078125 0.125 0.1609375 0.11875
8 0.3578125 0.8265625 0.421875 0.075
10 0.34375 0.8203125 0.3625 0.0625
2 0.81953125 0.834375 0.3609375 0.090625
