6 0.609375 0 0.058891328124999996 0 0 0.09961187187500001 0 0.4296875 0.3895240765625 0.4296875 0.40096332500000004 0.40570009531249995 0.4013370171875 0.3943209453125 0.411277846875 0.3856047375 0.42363533125 0.3560670578125 0.45213731562500004 0.309823390625 0.483903053125 0.2471162 0.48406497187499997 0.2346475640625 0.49297185624999995 0.22726298437499998 0.503286378125 0.207167625 0.50655013125 0.1907041 0.5136008999999999 0.18707226875 0.52516114375 0.166734765625 0.548231771875 0.11250163906249999 0.5973628 0.026067254687500003 0.595880378125 0.0184408515625 0.6058212078125 0.0097246421875 0.609375 0.00319713125 0.609375 0
9 0.74609375 0.21484375 0.2734375 0.4296875
11 0.8078125 0.41328125 0.11875 0.0328125
11 0.7953125 0.378125 0.1171875 0.075
11 0.77578125 0.31953125 0.1046875 0.078125
11 0.7734375 0.26640625 0.1015625 0.05625
11 0.7578125 0.209375 0.1046875 0.0859375
11 0.74921875 0.146875 0.1109375 0.0734375
11 0.75546875 0.1015625 0.121875 0.0546875
11 0.7328125 0.06171875 0.1265625 0.0796875
11 0.71015625 0.0234375 0.1265625 0.046875
3 0.28359375 0.71484375 0.5671875 0.5703125
2 0.86796875 0.684375 0.2640625 0.509375
