3 0.23125 0.36640625 0.378125 0.3453125
10 0.2515625 0.30234375 0.0703125 0.115625
10 0.18125 0.30625 0.0640625 0.128125
10 0.1125 0.2890625 0.0515625 0.134375
10 0.1296875 0.4609375 0.059375 0.15625
10 0.1890625 0.49296875 0.053125 0.0921875
10 0.2609375 0.4921875 0.065625 0.09375
2 0.61875 0.28984375 0.3 0.4984375
5 0 0.5390625 0 1 0.3452159640625 1 0.378174378125 0.9875824359374998 0.427716496875 0.9627975531249999 0.43873220156250003 0.9516400296875 0.4476584 0.9305939734375 0.446131096875 0.909977975 0.435603921875 0.8869345062499999 0.2510484609375 0.5770462421875 0.2255310109375 0.541482334375 0.224318728125 0.5390625 0 0.5390625
8 1 0.6778480124999999 0.6195696093749999 0.7966440703125001 0.6070279875 0.7933790515625001 0.5889711531249999 0.8393720625000001 0.5856577890625 0.8652758203124999 0.58134801875 0.872873175 0.5794868984375 0.889725953125 0.586198359375 0.910939609375 0.5805726359375 0.92498735 0.5942469562499999 0.9439581734375 0.6157018875 0.945082578125 0.6151355390625 0.9372296765625 0.6193771640625 0.9309326203125 0.6739897171875 0.9337947421875 0.674671175 0.9207917531250001 0.7010022265625 0.9221717046875 0.7095536234375001 0.90827729375 0.7280147375 0.9105486687500001 0.73023776875 0.9054496921874999 0.7997300828125 0.885621965625 0.9122261859374999 0.828931865625 1 0.7986606843749999 1 0.6778480124999999
10 0.975 0.75234375 0.05 0.0640625
