8 0.43359375 0.50625 0.3875 0.534375
10 0.35703125 0.28359375 0.196875 0.05703125
10 0.58671875 0.27890625 0.053125 0.04765625
10 0.59609375 0.3375 0.02734375 0.0625
10 0.28359375 0.36171875 0.02109375 0.02109375
10 0.4375 0.39609375 0.090625 0.0703125
10 0.58125 0.57734375 0.06640625 0.05625
10 0.34921875 0.6515625 0.01953125 0.0125
10 0.29453125 0.59296875 0.028125 0.04921875
10 0.3078125 0.746875 0.0546875 0.0453125
10 0.46328125 0.759375 0.25 0.01328125
10 0.5 0.73203125 0.01796875 0.015625
10 0.56015625 0.6953125 0.01796875 0.0140625
10 0.6015625 0.6703125 0.0328125 0.11484375
10 0.59765625 0.7421875 0.03203125 0.02109375
