8 0.2859375 0.265625 0.228125 0.2875
10 0.3203125 0.39296875 0.0171875 0.021875
10 0.27890625 0.3078125 0.0234375 0.03125
10 0.51015625 0.0515625 0.053125 0.0359375
10 0.47734375 0.090625 0.059375 0.0328125
10 0.73671875 0.10625 0.0671875 0.0328125
1 0.45254544374999994 0 0.4529700015625 0.069196753125 0.45899929375 0.10310736406250001 0.47021376718749996 0.114254471875 0.502681678125 0.125265634375 0.55382280625 0.12747495625 0.8464660078125 0.11311607812499999 0.8638367437500001 0.12002893750000002 0.9062413953124999 0.1178066046875 0.924965721875 0.109979984375 0.9629254718750001 0.1040789875 0.9898751828125001 0.09093178125 1 0.064853890625 1 0.0358463140625 0.9984716328125 0 0.45254544374999994 0
5 0 1 0.25642384375 1 0.259499096875 0.9806765484375 0.1252589625 0.53396493125 0.11087602187500001 0.5083153375 0.0866528921875 0.49393837500000004 0.046190300000000004 0.493125221875 0 0.500161721875 0 0.8268132921875001 0.007399075 0.82275558125 0.0270057765625 0.8236838437500001 0.0474813375 0.8411909156250001 0.0491168359375 0.8723980890625 0.0388452078125 0.9003176765625 0 0.9607918515625 0 1
1 0.934375 0.7265625 0.13125 0.546875
10 0.98984375 0.48515625 0.0203125 0.0640625
