4 0.309375 0.28125 0.61875 0.55625
10 0.16953125 0.53984375 0.025 0.0359375
10 0.22421875 0.5453125 0.015625 0.0125
10 0.10546875 0.509375 0.0140625 0.0109375
0 0.2296875 0.27109375 0.0375 0.021875
10 0.31640625 0.45703125 0.0328125 0.034375
10 0.13359375 0.4140625 0.0375 0.0375
10 0.07578125 0.43125 0.0234375 0.0296875
6 0.7265625 0.203125 0.215625 0.40625
9 0.4025505609375 1 0.3114077296875 0.6791032890625 0.30333173125 0.659024984375 0.289984215625 0.6494582859375 0.25701874999999996 0.647170225 0.0861858453125 0.66362541875 0.06832506875 0.6674001875 0.052233565625 0.6777779640625 0.0429482421875 0.6984641734375 0.0715940140625 0.8758037390625001 0.09444673125 1 0.4025505609375 1
3 0.809375 0.85234375 0.38125 0.2953125
10 0.91796875 0.88125 0.1640625 0.234375
