3 0.2453125 0.175 0.4875 0.35
10 0.11484375 0.01484375 0.1578125 0.0296875
10 0.03125 0.1234375 0.0484375 0.1171875
10 0.471875 0.134375 0.034375 0.215625
8 0.76796875 0.196875 0.4640625 0.30625
3 0.2359375 0.67890625 0.471875 0.2640625
9 0.734375 0.6890625 0.490625 0.621875
10 0.7921875 0.43984375 0.0828125 0.0640625
10 0.70078125 0.45546875 0.0953125 0.0484375
10 0.77578125 0.4890625 0.028125 0.0375
10 0.8859375 0.45234375 0.0671875 0.05
10 0.94609375 0.453125 0.0421875 0.0546875
10 0.83125 0.49453125 0.034375 0.0296875
