9 0.2501056203125 0 0.3245021453125 0.27693694999999996 0.333743909375 0.31875 0.3934046046875 0.31875 0.363190303125 0.2090444515625 0.3608424953125 0.1867065578125 0.34731845625 0.1576878 0.334788996875 0.0883048984375 0.3184388296875 0.044854053125 0.3156827078125 0.0186313078125 0.31042915625 0 0.2501056203125 0
10 0.28203125 0.009375 0.0390625 0.01875
10 0.34140625 0.271875 0.034375 0.021875
3 0.721875 0.159375 0.30625 0.31875
9 0.03515625 0.8078125 0.0703125 0.384375
9 0.165625 0.7765625 0.2875 0.403125
1 0.41953125 0.76953125 0.28125 0.4015625
0 0.0171875 0.75546875 0.034375 0.1265625
0 0.22265625 0.91484375 0.1578125 0.090625
0 0.340625 0.628125 0.09375 0.0765625
0 0.4515625 0.62109375 0.1359375 0.0875
0 0.31796875 0.7046875 0.053125 0.0703125
0 0.3265625 0.76640625 0.0515625 0.053125
0 0.49921875 0.69765625 0.0609375 0.0859375
0 0.49375 0.778125 0.059375 0.071875
0 0.5140625 0.840625 0.0671875 0.065625
0 0.52734375 0.8953125 0.0609375 0.0578125
0 0.50703125 0.9359375 0.04375 0.0265625
2 0.69140625 0.62265625 0.2453125 0.6078125
