3 0.22578125 0.16484375 0.3671875 0.3296875
4 0.7046875 0.16484375 0.590625 0.3296875
10 0.58359375 0.1734375 0.3484375 0.3125
4 0.37578125 0.69296875 0.0671875 0.5578125
10 0.49921875 0.9015625 0.1671875 0.0625
10 0.6890625 0.6515625 0.084375 0.10625
10 0.58828125 0.6984375 0.05 0.040625
10 0.68046875 0.8296875 0.096875 0.153125
10 0.6421875 0.9421875 0.0375 0.034375
8 0.409375 0.3296875 0.409375 0.9180357109374999 0.595174259375 0.94414809375 0.6489915109375 0.9448084968749999 0.6684023859374999 0.9376749203125 0.6820457578125 0.924799975 0.6945391203125 0.8920402124999999 0.74414534375 0.47358260156250004 0.7662387125000001 0.3296875 0.409375 0.3296875
