3 0.2421875 0.31328125 0.375 0.4328125
8 0.59453125 0.30546875 0.3296875 0.4484375
10 0.72109375 0.15 0.04375 0.134375
10 0.7234375 0.42734375 0.040625 0.2046875
2 0.17265625 0.76484375 0.3453125 0.4703125
1 0.71484375 0.76484375 0.5703125 0.4703125
0 0.96484375 0.6078125 0.0703125 0.128125
0 0.93984375 0.72265625 0.0859375 0.0890625
0 0.903125 0.81796875 0.0640625 0.10625
0 0.88984375 0.9171875 0.071875 0.0765625
0 0.884375 0.978125 0.084375 0.04375
11 0.9265625 0.5875 0.146875 0.115625
11 0.79921875 0.5734375 0.1140625 0.0875
11 0.740625 0.59765625 0.128125 0.1359375
11 0.6359375 0.59921875 0.096875 0.1390625
11 0.6171875 0.73515625 0.0953125 0.125
11 0.58671875 0.8515625 0.0765625 0.0953125
11 0.5484375 0.91484375 0.0625 0.1375
11 0.75 0.71328125 0.153125 0.1078125
11 0.7203125 0.828125 0.1046875 0.1265625
11 0.7375 0.9375 0.1359375 0.0984375
11 0.640625 0.85703125 0.0921875 0.159375
11 0.63828125 0.96015625 0.1453125 0.0796875
