3 0.29765625 0.27109375 0.5265625 0.5421875
3 0.8 0.3078125 0.4 0.584375
11 0.7875 0.12734375 0.19375 0.159375
3 0.3109375 0.8 0.578125 0.4
0 0.53515625 0.6328125 0.1296875 0.065625
0 0.56015625 0.69375 0.0796875 0.1125
0 0.57109375 0.81953125 0.0578125 0.1796875
0 0.5765625 0.946875 0.046875 0.10625
0 0.46640625 0.809375 0.1875 0.1328125
0 0.28046875 0.75703125 0.2125 0.15
0 0.26328125 0.84453125 0.1953125 0.1078125
0 0.4640625 0.91328125 0.24375 0.1734375
0 0.2390625 0.9203125 0.2015625 0.125
0 0.31953125 0.9765625 0.1921875 0.046875
0 0.171875 0.9671875 0.171875 0.065625
8 0.8 0.8 0.4 0.4
10 0.725 0.7484375 0.25 0.209375
