1 0.18984375 0.26484375 0.3578125 0.5296875
8 0.75546875 0.26484375 0.4890625 0.5296875
10 0.60625 0.3984375 0.090625 0.25625
10 0.7953125 0.43203125 0.0796875 0.1
1 0.2390625 0.86484375 0.259375 0.2703125
10 0.30859375 0.7890625 0.1203125 0.06875
10 0.17265625 0.7921875 0.05625 0.0421875
10 0.81015625 0.7203125 0.040625 0.08125
10 0.8140625 0.9046875 0.0546875 0.0890625
10 0.85 0.9953125 0.046875 0.009375
5 0.7500759078125 0.5296875 0.7789035656250001 1 0.854777115625 1 0.83410056875 0.7207146328125 0.834230703125 0.6796785515625 0.8480956421875 0.6557337828125 0.8514480171875001 0.6343533781249999 0.8517485593749999 0.5884374593749999 0.8398603484375 0.5557761078125 0.841974253125 0.5296875 0.7500759078125 0.5296875
