8 0.43359375 0.24453125 0.4796875 0.4890625
10 0.584375 0.44765625 0.0484375 0.0484375
10 0.40234375 0.42109375 0.0796875 0.0578125
10 0.60859375 0.24609375 0.0625 0.3
5 0.7390625 0.509375 1 0.509375 1 0.1305853140625 0.8203056125 0.10278942656250001 0.756831428125 0.0962558609375 0.7390625 0.09725154375 0.7390625 0.509375
8 0.3 0.7546875 0.6 0.490625
10 0.48359375 0.75859375 0.1640625 0.4828125
10 0.0640625 0.81640625 0.128125 0.3671875
10 0.3328125 0.64921875 0.1234375 0.071875
10 0.1828125 0.54296875 0.296875 0.0671875
1 0.7390625 0.509375 0.7390625 0.90947866875 0.76004049375 0.9131804062499999 0.7810498906250001 0.9120776124999999 0.8133078765624999 0.91686040625 0.8419093828124999 0.9036780296875 0.8563071578124999 0.8735683015625 0.8792571 0.77558629375 0.8867879125 0.719388171875 0.9294742234375001 0.509375 0.7390625 0.509375
