2 0.20703125 0.3546875 0.3859375 0.709375
8 0.63984375 0.28203125 0.4796875 0.5640625
10 0.60703125 0.0375 0.2046875 0.075
10 0.83125 0.075 0.0625 0.059375
10 0.8265625 0.134375 0.0421875 0.0671875
10 0.5171875 0.08203125 0.025 0.025
10 0.65859375 0.153125 0.1046875 0.090625
10 0.75390625 0.36328125 0.078125 0.0703125
10 0.5109375 0.3796875 0.021875 0.0171875
10 0.471875 0.309375 0.0390625 0.0546875
10 0.44765625 0.46171875 0.0640625 0.0578125
10 0.5953125 0.51171875 0.2453125 0.0734375
10 0.6375 0.49375 0.021875 0.01875
10 0.7046875 0.47265625 0.0203125 0.01875
10 0.75078125 0.45859375 0.059375 0.11875
10 0.7296875 0.52734375 0.0359375 0.028125
8 0 0.709375 0 1 0.31896425 1 0.351310171875 0.86842834375 0.37983487656250003 0.780933240625 0.38635759375 0.733243065625 0.3932304328125 0.709375 0 0.709375
2 0.74921875 0.8546875 0.5015625 0.290625
