8 0.2890625 0.253125 0.521875 0.29375
10 0.2890625 0.19921875 0.14375 0.08125
10 0.490625 0.3046875 0.065625 0.046875
9 0.775 0.2 0.45 0.4
11 0.67109375 0.15 0.2390625 0.3
10 0.50859375 0.55859375 0.040625 0.0390625
10 0.1328125 0.96171875 0.0875 0.0765625
10 0.528125 0.8484375 0.04375 0.05625
5 0.55 0.5487746437500001 0.5033454734375 0.5362736 0.45628633281250003 0.54085134375 0.41901197031250004 0.5692821609375 0.12879022812500002 0.8625588437499999 0.10661450624999999 0.8899802703125002 0.10079513749999999 0.9167293078124998 0.11133817500000001 0.9377525203125 0.181296378125 1 0.422238759375 1 0.55 0.8430066921874999 0.55 0.5487746437500001
3 0.89921875 0.75625 0.2015625 0.4875
