2 0.175 0.359375 0.35 0.571875
3 0.75390625 0.375 0.4921875 0.65
0 0.878125 0.1015625 0.24375 0.0625
0 0.9234375 0.5875 0.096875 0.09375
0 0.584375 0.4953125 0.1 0.1015625
0 0.72109375 0.3125 0.140625 0.046875
0 0.909375 0.196875 0.18125 0.128125
0 0.89375 0.36640625 0.209375 0.221875
0 0.75703125 0.43984375 0.2609375 0.215625
2 0.175 0.85 0.35 0.3
8 0.62734375 0.81328125 0.4515625 0.2265625
10 0.5390625 0.8296875 0.1390625 0.059375
10 0.48046875 0.87734375 0.0640625 0.03125
10 0.615625 0.73515625 0.178125 0.0703125
