9 0 0.4390625 0.3031161625 0.4390625 0.41315094375 0.2737252671875 0.45620098125 0.1993987921875 0.457359046875 0.1828376703125 0.45154570468750005 0.172641690625 0.4188639515625 0.1546932046875 0.2115738765625 0.0951665015625 0.1831340640625 0.09121990156250001 0.16057571875 0.09649509843750001 0.1089736703125 0.14379198437500001 0 0.26320864843749997 0 0.4390625
3 0.76484375 0.21875 0.4703125 0.4375
4 0.3703125 0.71953125 0.31875 0.5609375
8 0.89609375 0.73359375 0.2078125 0.5328125
10 0.93671875 0.52578125 0.1265625 0.0703125
10 0.9265625 0.6828125 0.090625 0.09375
10 0.86640625 0.684375 0.01875 0.0125
10 0.84609375 0.73046875 0.01875 0.03125
10 0.84609375 0.62109375 0.01875 0.025
10 0.83515625 0.8625 0.015625 0.015625
10 0.8765625 0.95546875 0.021875 0.0171875
10 0.9828125 0.625 0.03125 0.040625
