3 0.10859375 0.1296875 0.2171875 0.259375
2 0.53984375 0.1296875 0.5015625 0.259375
0 0.34140625 0.02578125 0.1046875 0.0515625
0 0.425 0.028125 0.075 0.05625
0 0.4984375 0.0359375 0.0875 0.071875
0 0.57890625 0.04296875 0.078125 0.075
0 0.3234375 0.08515625 0.06875 0.0953125
0 0.4 0.090625 0.1046875 0.0859375
0 0.5 0.1 0.109375 0.0796875
0 0.32734375 0.165625 0.0765625 0.1
0 0.34296875 0.2296875 0.1078125 0.059375
0 0.6875 0.24609375 0.084375 0.0265625
2 0.23828125 0.603125 0.1015625 0.596875
10 0.56796875 0.48203125 0.1 0.1359375
2 0.64453125 0.6296875 0.7109375 0.740625
