2 0.4265625 0.2375 0.084375 0.475
7 0.46875 0.5796875 0.8426534999999999 0.5796875 0.8509478734375 0.5460769328125 0.8791954421875001 0.468995940625 0.9787373531250001 0.14114558593749998 0.9795874921875001 0.1094759390625 0.9635828140625 0.08945265625 0.9157842640624999 0.0692183140625 0.8913128796875001 0.0654563984375 0.7301307296875 0.0211928359375 0.68302513125 0.0110415953125 0.66055105625 0.010652439062500001 0.651257459375 0.00387174375 0.6214870953125 0.00007465312500000001 0.5903861765625 0.0099466953125 0.5784576625 0.023545475 0.541265925 0.1466402421875 0.54028184375 0.1653509265625 0.46875 0.446201828125 0.46875 0.5796875
10 0.65703125 0.5359375 0.3765625 0.0875
10 0.77109375 0.0828125 0.4578125 0.165625
10 0.82578125 0.4515625 0.065625 0.096875
10 0.61484375 0.43046875 0.071875 0.1109375
10 0.6171875 0.1265625 0.040625 0.0390625
3 0.3234375 0.78984375 0.290625 0.4203125
10 0.42265625 0.7015625 0.0921875 0.203125
10 0.378125 0.95625 0.125 0.0875
9 0.81640625 0.815625 0.3671875 0.36875
