9 0.39921875 0.29453125 0.4796875 0.5890625
11 0.2875 0.0078125 0.053125 0.015625
11 0.278125 0.0390625 0.0640625 0.0625
11 0.26796875 0.0875 0.06875 0.0515625
11 0.25703125 0.1546875 0.0796875 0.0953125
11 0.25078125 0.22578125 0.0765625 0.0640625
11 0.2375 0.2828125 0.071875 0.0703125
11 0.228125 0.3359375 0.065625 0.0546875
11 0.228125 0.38046875 0.0859375 0.0625
11 0.2140625 0.425 0.0734375 0.0515625
11 0.21640625 0.46953125 0.084375 0.0546875
11 0.2015625 0.496875 0.0609375 0.0359375
11 0.54765625 0.5515625 0.1046875 0.0625
11 0.55390625 0.4984375 0.1171875 0.0734375
11 0.5609375 0.43984375 0.1171875 0.071875
11 0.56328125 0.37890625 0.103125 0.075
11 0.57890625 0.328125 0.1 0.053125
11 0.584375 0.26875 0.103125 0.0828125
11 0.58984375 0.20703125 0.0984375 0.0703125
11 0.5984375 0.165625 0.08125 0.05
11 0.59375 0.1203125 0.090625 0.075
11 0.5921875 0.06640625 0.09375 0.0671875
11 0.6078125 0.02421875 0.0625 0.0484375
2 0.74609375 0.29453125 0.2140625 0.5890625
2 0.28984375 0.934375 0.5796875 0.13125
11 0.07734375 0.959375 0.1546875 0.08125
10 0.215625 0.9640625 0.0609375 0.0625
8 0.72421875 0.79453125 0.1703125 0.4109375
0 0.68984375 0.9578125 0.0578125 0.084375
0 0.7046875 0.746875 0.13125 0.315625
