9 0.33203125 0.6474609375 0.3359375 0.6943359375 0.33203125 0.7041015625 0.3359375 0.7109375 0.3307291671875 0.716796875 0.32421875 0.7548828125 0.3333333328125 0.7861328125 0.3528645828125 0.8056640625 0.3815104171875 0.8134765625 0.6276041671875 0.8173828125 0.6627604171875 0.8134765625 0.6822916671875 0.7998046875 0.69140625 0.7763671875 0.6888020828125 0.3193359375 0.6796875 0.296875 0.66015625 0.28515625 0.6302083328125 0.2802734375 0.4205729171875 0.267578125 0.3776041671875 0.26953125 0.3541666671875 0.283203125 0.3450520828125 0.3037109375 0.3385416671875 0.41796875 0.34375 0.4658203125 0.3359375 0.5322265625 0.3372395828125 0.625 0.33203125 0.6474609375
10 0.3734375 0.72421875 0.040625 0.03046875
10 0.4640625 0.75390625 0.078125 0.040625
10 0.37890625 0.771875 0.05234375 0.03203125
10 0.603125 0.7890625 0.09921875 0.02578125
10 0.43515625 0.78828125 0.02734375 0.01328125
10 0.48828125 0.790625 0.01953125 0.015625
10 0.5390625 0.796875 0.01640625 0.01796875
10 0.66875 0.471875 0.0296875 0.028125
10 0.6734375 0.50546875 0.01328125 0.01953125
10 0.353125 0.4453125 0.01953125 0.0234375
10 0.62890625 0.29140625 0.03125 0.021875
10 0.6296875 0.66171875 0.01328125 0.02421875
10 0.62890625 0.70390625 0.02421875 0.0234375
10 0.48671875 0.7265625 0.0390625 0.0265625
10 0.66875 0.70859375 0.01640625 0.0234375
10 0.4296875 0.3578125 0.0328125 0.02421875
10 0.6609375 0.78125 0.0453125 0.0390625
