9 0.50625 0.459375 0.4453125 0.66015625
11 0.32890625 0.1796875 0.04921875 0.053125
11 0.32578125 0.2359375 0.04375 0.0609375
11 0.325 0.29375 0.05625 0.05390625
11 0.32265625 0.34296875 0.06328125 0.04296875
11 0.321875 0.4109375 0.0671875 0.0859375
11 0.32734375 0.48203125 0.06875 0.05390625
11 0.32265625 0.540625 0.06328125 0.0609375
11 0.321875 0.59453125 0.05859375 0.04609375
11 0.32890625 0.63828125 0.07890625 0.05078125
11 0.321875 0.68515625 0.0671875 0.0421875
11 0.33125 0.728125 0.078125 0.04375
11 0.32109375 0.7578125 0.05703125 0.0265625
11 0.67109375 0.7578125 0.0984375 0.04765625
11 0.66875 0.70390625 0.11015625 0.05703125
11 0.6671875 0.6453125 0.109375 0.0546875
11 0.659375 0.584375 0.09453125 0.0609375
11 0.6671875 0.53203125 0.0953125 0.0390625
11 0.66328125 0.47265625 0.09375 0.06953125
11 0.66640625 0.41015625 0.103125 0.0546875
11 0.68125 0.36640625 0.11796875 0.03203125
11 0.66640625 0.32265625 0.1171875 0.0578125
11 0.6546875 0.26953125 0.11875 0.04921875
11 0.66796875 0.22109375 0.09765625 0.0421875
11 0.67109375 0.175 0.09140625 0.046875
11 0.66015625 0.1515625 0.11875 0.04609375
