3 0.4625 0.28203125 0.4125 0.2734375
9 0.66875 0 0.66875 0.41875 0.9051949406249999 0.41875 0.9038704843750001 0.36579290625 0.9125258953125 0.051361853125 0.9117382953125001 0 0.66875 0
8 0.32421875 0.709375 0.6484375 0.58125
10 0.096875 0.44609375 0.1375 0.0546875
10 0.20703125 0.89375 0.0890625 0.0625
10 0.26796875 0.97109375 0.0390625 0.0453125
10 0.2640625 0.50234375 0.034375 0.01875
10 0.22890625 0.4765625 0.0453125 0.0359375
10 0.31015625 0.5984375 0.05625 0.034375
10 0.26484375 0.75859375 0.0484375 0.0375
10 0.0265625 0.44296875 0.053125 0.0484375
6 0.83515625 0.73828125 0.3296875 0.5234375
6 0.7 0.48203125 0.0203125 0.003125
