7 0.4296875 0.072263821875 0.423903025 0.0723700578125 0.3018169515625 0.099540375 0.29324500625 0.11013457499999998 0.2894275109375 0.2087157765625 0.318824275 0.206298765625 0.34150660625 0.22818233437500002 0.3412339125 0.2438049546875 0.3306681109375 0.248504084375 0.3262884015625 0.2591714609375 0.3073892640625 0.26079499687499996 0.3156885125 0.2658234171875 0.31534764531250004 0.2853516921875 0.355156821875 0.287023275 0.40285620624999996 0.317157209375 0.4296875 0.32110629375 0.4296875 0.072263821875
10 0.41484375 0.303125 0.0296875 0.03125
3 0.8294489374999999 0 0.5094689890625 0.42166180625000005 0.47184021718749997 0.48839807031250004 0.47138004687499996 0.5147612421875001 0.48417733281249997 0.5276818671875 0.5126995 0.5350167015625 0.5346848875 0.55 0.63679389375 0.55 0.779617290625 0.31405546875 0.8007201453124999 0.298796440625 0.8113908765625 0.2843320296875 0.8743349390624999 0.1848294625 0.9080410125 0.1190014390625 0.9253575156250001 0.096839340625 0.9351354031250001 0.058918275 0.9405351218749999 0 0.8294489374999999 0
10 0.67109375 0.25703125 0.1125 0.071875
10 0.5953125 0.3671875 0.1359375 0.14375
10 0.51640625 0.48359375 0.1140625 0.09375
10 0.79140625 0.09140625 0.096875 0.0796875
3 0.21484375 0.775 0.4296875 0.45
10 0.10703125 0.62578125 0.1328125 0.0984375
10 0.240625 0.6625 0.1515625 0.1109375
4 0.7921875 0.775 0.2375 0.45
