3 0.209375 0.26484375 0.41875 0.5296875
1 0.76640625 0.2421875 0.2453125 0.484375
10 0.78046875 0.06015625 0.0734375 0.1203125
10 0.7453125 0.2375 0.125 0.15
5 0 0.5296875 0 0.5870823546875 0.0716863328125 0.590754596875 0.07838525468749999 0.5882861890625 0.1509880578125 0.5953209671875 0.1643177796875 0.5913583359375 0.1874938234375 0.5959158046875 0.3178618265625 0.5981793921875 0.3371411359375 0.602464375 0.37761175625 0.6023575140624999 0.41875 0.6108230484375 0.41875 0.541602615625 0.248355915625 0.5296875 0 0.5296875
10 0.1203125 0.55 0.0625 0.040625
10 0.3015625 0.54296875 0.025 0.0265625
10 0.36015625 0.546875 0.0265625 0.034375
10 0.40859375 0.55859375 0.0203125 0.0328125
10 0.0328125 0.56953125 0.0265625 0.034375
1 0.6595476 1 0.6407842859375 0.9097137203125 0.6330543359374999 0.8895942453125001 0.6319505859375 0.8493802296874999 0.6161362734375 0.758211246875 0.6027973453125 0.724973240625 0.5870557578125 0.6514303921875 0.5727585265624999 0.6132306390625 0.558125290625 0.5985021234375 0.5438372625 0.5975030078125 0.531533965625 0.6054532015625 0.5303805 0.6406146421875001 0.555582690625 0.82152428125 0.562149971875 0.8396045593749999 0.5666782078125 0.905510665625 0.58084830625 1 0.6595476 1
