5 0.61875 0.4 0.61875 0 0.1455051046875 0 0.15071043906249998 0.14441250625 0.15342693125 0.4 0.61875 0.4
4 0.809375 0.2078125 0.38125 0.384375
8 0.275 0.7 0.509375 0.6
0 0.09765625 0.52265625 0.1015625 0.2453125
0 0.3109375 0.45546875 0.084375 0.1109375
0 0.18359375 0.44375 0.1109375 0.0875
0 0.3203125 0.56953125 0.08125 0.1328125
0 0.19765625 0.6375 0.1359375 0.125
0 0.19296875 0.984375 0.1078125 0.03125
0 0.15859375 0.84296875 0.1078125 0.0890625
0 0.30078125 0.96875 0.1359375 0.0625
0 0.4328125 0.934375 0.15625 0.1109375
0 0.4 0.53203125 0.134375 0.09375
4 0.809375 0.6375 0.38125 0.475
