8 0.425 0.1953125 0.3875 0.390625
10 0.43203125 0.1828125 0.3734375 0.365625
2 0.809375 0.30703125 0.38125 0.2453125
8 0.3015625 0.71484375 0.603125 0.5703125
8 0.79296875 0.71484375 0.3484375 0.5703125
0 0.69921875 0.44765625 0.1296875 0.0359375
0 0.7625 0.48125 0.0546875 0.021875
0 0.87265625 0.453125 0.0296875 0.046875
0 0.9171875 0.49609375 0.0578125 0.0234375
0 0.91015625 0.521875 0.04375 0.0296875
0 0.8125 0.490625 0.0296875 0.015625
0 0.85703125 0.5125 0.053125 0.03125
0 0.803125 0.50859375 0.021875 0.025
0 0.74453125 0.50390625 0.03125 0.025
0 0.63671875 0.48046875 0.0359375 0.0484375
0 0.66875 0.56328125 0.0484375 0.0296875
0 0.884375 0.56953125 0.0796875 0.0421875
0 0.6734375 0.63359375 0.040625 0.0328125
0 0.76171875 0.70703125 0.0578125 0.0390625
0 0.7140625 0.9359375 0.028125 0.028125
0 0.80390625 0.89140625 0.1296875 0.0296875
0 0.84921875 0.9515625 0.0359375 0.09375
0 0.62109375 0.8265625 0.0046875 0.01875
0 0.64375 0.84921875 0.0296875 0.015625
0 0.72109375 0.57890625 0.028125 0.0109375
0 0.76953125 0.58359375 0.028125 0.0078125
0 0.81328125 0.5828125 0.0296875 0.0109375
