7 0.5796875 0 0.0577020640625 0 0.0696094890625 0.059039678124999995 0.07052975781250001 0.1091053953125 0.0763932328125 0.11428882968750001 0.0740783546875 0.1273637125 0.0926326359375 0.21462009843750002 0.13245841249999998 0.5176896531249999 0.1423683296875 0.555828721875 0.1555033515625 0.68409025625 0.172185259375 0.7135266578125 0.18941864375 0.726169109375 0.2030062125 0.73040414375 0.2460837984375 0.7300343625 0.5796875 0.681716228125 0.5796875 0
10 0.3671875 0.66328125 0.425 0.1484375
10 0.3578125 0.48359375 0.3734375 0.2953125
10 0.56328125 0.33125 0.0328125 0.121875
10 0.17734375 0.04609375 0.05625 0.0625
10 0.4703125 0.07109375 0.0515625 0.1015625
10 0.53515625 0.203125 0.0453125 0.059375
10 0.32421875 0.2296875 0.15 0.096875
10 0.33359375 0.1078125 0.153125 0.1296875
5 0.5796875 0.5897222984375 0.5936022390625 0.58754103125 0.6620814968750001 0.5683099765625 0.6648875125 0.5591103734375 0.6875720125 0.5622284453125 0.7336215609375 0.5526386859375 0.7332477578125001 0.5389100359375 0.7423966484375 0.5279477296875 0.7488585390625 0.527154309375 0.74649504375 0.51858944375 0.7510694890625 0.513108290625 0.7245614609375 0.393376028125 0.6998202078125 0.3521385375 0.6921011265625 0.2999559203125 0.675471178125 0.26067417656249997 0.65489538125 0.253361603125 0.616940371875 0.2540863078125 0.610835521875 0.25778757812499997 0.5796875 0.2616120734375 0.5796875 0.5897222984375
2 0.20859375 0.85078125 0.4171875 0.2234375
4 0.765625 0.86953125 0.371875 0.2609375
