3 0.2109375 0.35234375 0.3875 0.5953125
10 0.234375 0.1671875 0.071875 0.115625
10 0.1640625 0.1703125 0.065625 0.128125
10 0.0953125 0.15078125 0.053125 0.134375
10 0.11015625 0.3375 0.0625 0.184375
10 0.16875 0.36640625 0.0546875 0.1125
10 0.23984375 0.3921875 0.06875 0.1625
2 0.80703125 0.29140625 0.2140625 0.5390625
8 0 1 0.1600903703125 1 0.1962419484375 0.9903641562499998 0.3097102953125 0.9356460171875 0.60021648125 0.8410970531249999 0.6245960046875 0.8284439453125 0.6331161046875 0.818597625 0.648414525 0.7818147703125 0.6403325390625 0.7433970000000001 0.6247046359375 0.7148936703125 0.6143269984375 0.723304834375 0.017661793749999998 0.8982555781249999 0.0051790625 0.894772175 0 0.9073158015624999 0 1
10 0.3859375 0.8609375 0.0765625 0.065625
2 0.85 0.79375 0.3 0.2875
