8 0.27578125 0.31484375 0.5515625 0.6296875
10 0.15234375 0.0265625 0.0953125 0.053125
10 0.46015625 0.01015625 0.0359375 0.0203125
10 0.2546875 0.01796875 0.084375 0.0359375
10 0.2625 0.0625 0.0453125 0.053125
10 0.4375 0.04921875 0.053125 0.05
10 0.15703125 0.46484375 0.025 0.0125
10 0.371875 0.4640625 0.075 0.028125
10 0.3546875 0.57109375 0.05625 0.046875
10 0.06796875 0.6171875 0.0390625 0.025
10 0.06328125 0.48203125 0.0828125 0.04375
10 0.05625 0.31328125 0.0296875 0.021875
10 0.37421875 0.31640625 0.0609375 0.0296875
10 0.41953125 0.2234375 0.03125 0.0515625
0 0.8046875 0.31484375 0.390625 0.6296875
3 0.41171875 0.87265625 0.3015625 0.2546875
10 0.7765625 0.9078125 0.0671875 0.065625
10 0.79296875 0.72734375 0.046875 0.0390625
9 0.744462978125 0.6296875 0.7351543328125001 0.644012309375 0.7426075843750001 0.6564706499999999 0.7386008734375 0.722403309375 0.715499453125 0.8680667359375001 0.722416965625 0.8936929234375001 0.74752215 0.9208890609375 0.7647584453125 0.929228421875 0.7754814703124999 0.9277769656249999 0.7942824890625 0.91562688125 0.7988999796874999 0.9014834296875 0.80882848125 0.793415059375 0.8119753812500001 0.65875344375 0.82283431875 0.6563349281249999 0.8211421250000001 0.6296875 0.744462978125 0.6296875
