7 0.509375 0.6 0.509375 0 0 0 0 0.22388255156249998 0.012297635937499999 0.2837697765625 0.0169306796875 0.2867785109375 0.0443409125 0.41573351562500005 0.05080130468750001 0.42733925 0.059624215625 0.48137313437499996 0.075738225 0.5258702109375 0.0914949984375 0.6 0.509375 0.6
3 0.77890625 0.34609375 0.4421875 0.5078125
4 0.26484375 0.8 0.4890625 0.4
8 0.865625 0.8 0.26875 0.4
10 0.828125 0.68515625 0.109375 0.0578125
10 0.98671875 0.6203125 0.01875 0.015625
10 0.9109375 0.6546875 0.0390625 0.0359375
10 0.88125 0.71640625 0.01875 0.015625
10 0.81875 0.796875 0.0328125 0.028125
10 0.91640625 0.91484375 0.0875 0.0765625
10 0.9390625 0.96796875 0.121875 0.0640625
