2 0.2484375 0.478125 0.3015625 0.4
4 0.84921875 0.41875 0.3015625 0.6625
10 0.83359375 0.5359375 0.01875 0.034375
10 0.8828125 0.55859375 0.0140625 0.0109375
10 0.78203125 0.4859375 0.0125 0.009375
10 0.77421875 0.55546875 0.021875 0.0359375
10 0.7546875 0.69296875 0.0125 0.0203125
0 0.97734375 0.30078125 0.0375 0.015625
10 0.9921875 0.50390625 0.015625 0.0296875
10 0.840625 0.4046875 0.0328125 0.0328125
10 0.78046875 0.40234375 0.01875 0.0265625
1 0.309375 0.875 0.61875 0.25
1 0.83828125 0.875 0.3234375 0.25
