8 0.32578125 0.44140625 0.1859375 0.4546875
4 0.725 0.35234375 0.43125 0.6328125
9 0 0.66875 0 0.9972512124999999 0.01978565 1 0.17391701406249999 1 0.18442384843749998 0.9804462421875 0.220893771875 0.66875 0 0.66875
10 0.09453125 0.98125 0.1015625 0.0375
10 0.03046875 0.98203125 0.01875 0.0203125
10 0.19921875 0.6796875 0.0328125 0.021875
10 0.19921875 0.709375 0.015625 0.0203125
10 0.1375 0.859375 0.015625 0.025
10 0.13125 0.90078125 0.0265625 0.0265625
10 0.1703125 0.91015625 0.01875 0.025
10 0.153125 0.9796875 0.05 0.040625
4 0.6515625 0.846875 0.259375 0.30625
