8 0.1640625 0.2390625 0.328125 0.478125
10 0.25859375 0.02265625 0.0328125 0.0453125
10 0.10703125 0.0859375 0.096875 0.078125
10 0.265625 0.2546875 0.0703125 0.0625
10 0.04140625 0.3484375 0.0203125 0.0140625
10 0.01796875 0.446875 0.0359375 0.05
10 0.1640625 0.44609375 0.25 0.034375
10 0.1984375 0.415625 0.01875 0.0171875
10 0.2546875 0.3734375 0.01875 0.015625
10 0.29453125 0.3453125 0.0421875 0.1171875
10 0.296875 0.4171875 0.034375 0.0234375
2 0.796875 0.26328125 0.25625 0.5265625
1 0.23515625 0.81484375 0.4703125 0.3703125
4 0.834375 0.86171875 0.33125 0.2765625
