1 0 0 0 0.4869890953125 0.0217472984375 0.62524726875 0.0350581203125 0.6407495078125 0.070168075 0.652407971875 0.22334504375000003 0.6363066421875 0.49492818437499997 0.594368971875 0.5 0.591745153125 0.5 0.28082070625 0.49657567187499996 0.2737827765625 0.49916120468749997 0.2584524640625 0.49139307031249996 0.2518891765625 0.4936394453125 0.2346354109375 0.48553215312500003 0.22614867031250002 0.4825006734375 0.1939594921875 0.4771275640625 0.18598226874999998 0.454139240625 0.06310740312499999 0.45323795312500004 0.035500753125 0.4438324609375 0 0 0
10 0.075 0.02109375 0.15 0.0421875
8 0.69609375 0.31640625 0.3921875 0.6328125
10 0.54765625 0.0421875 0.0953125 0.084375
10 0.7390625 0.28359375 0.0359375 0.1
10 0.81875 0.315625 0.0484375 0.0859375
10 0.6875 0.55234375 0.375 0.1390625
10 0.83984375 0.46953125 0.0421875 0.0328125
10 0.4359375 0.7875 0.0625 0.0515625
10 0.259375 0.78203125 0.028125 0.0171875
10 0.15703125 0.78046875 0.0828125 0.0265625
10 0.10234375 0.80390625 0.034375 0.0265625
10 0.1578125 0.88984375 0.059375 0.0328125
10 0.15078125 0.9171875 0.046875 0.0265625
9 0.28046875 0.86015625 0.4390625 0.2796875
9 0.75 0.8296875 0.5 0.340625
