8 0.33359375 0.26953125 0.2703125 0.5390625
10 0.3390625 0.4765625 0.140625 0.0640625
10 0.27890625 0.521875 0.0640625 0.0328125
10 0.39921875 0.3 0.1390625 0.24375
10 0.37421875 0.03515625 0.0984375 0.0703125
6 0.734375 0.3078125 0.53125 0.4625
10 0.91953125 0.13984375 0.1609375 0.0671875
3 0.4 0.76953125 0.1375 0.4609375
10 0.4375 0.55625 0.0625 0.034375
10 0.4203125 0.66015625 0.053125 0.1578125
5 1 1 1 0.5390625 0.6458731734375001 0.5390625 0.7054275156250001 0.6706241125 0.7150694718749999 0.6820667625000001 0.7626753578125001 0.7852483015624999 0.7974872875 0.847398365625 0.8662741828125 1 1 1
