3 0.29453125 0.16953125 0.5890625 0.3390625
8 0.77578125 0.2203125 0.3734375 0.2375
10 0.62890625 0.17734375 0.0796875 0.0578125
10 0.7859375 0.18359375 0.01875 0.015625
10 0.83359375 0.2359375 0.021875 0.01875
10 0.703125 0.184375 0.0390625 0.0359375
10 0.65 0.228125 0.01875 0.015625
5 0 0.8296132140625 0.12258052187499999 0.9031373343750001 0.156304009375 0.9073103453125 0.17911855000000002 0.9001791718749999 0.20263445 0.8772230046875 0.24527309531250002 0.8144028046875 0.26899203437499997 0.790491415625 0.481188609375 0.506129959375 0.4980225296875 0.47077132031249996 0.493629371875 0.45386345312500004 0.486135234375 0.44528186875 0.47013176874999996 0.4328948125 0.4373680765625 0.4179436390625 0.25215635000000003 0.34363238906250004 0.2106434421875 0.3447923421875 0.1908376359375 0.3565565609375 0.1715487015625 0.3784144375 0 0.5972836875 0 0.8296132140625
10 0.309375 0.3921875 0.125 0.10625
3 0.78125 0.66953125 0.384375 0.6609375
