9 0.11015625 0.28046875 0.2203125 0.3390625
9 0.67265625 0.225 0.5859375 0.45
9 0.029550803125000004 0.45 0 0.62218850625 0 0.9406396546875001 0.013748379687500001 0.9345169343750002 0.02603613125 0.9125760312499999 0.0381182671875 0.9014539890624998 0.05129467812500001 0.8451223875 0.054148814062499995 0.8248141562499999 0.0508242234375 0.8204022765625 0.080505121875 0.693414409375 0.0887852359375 0.6906334640624999 0.0831536453125 0.6839250375000001 0.1005107890625 0.45 0.029550803125000004 0.45
10 0.05703125 0.48359375 0.04375 0.053125
10 0.0265625 0.646875 0.0265625 0.0359375
10 0.02265625 0.715625 0.0453125 0.059375
10 0.01640625 0.77109375 0.0328125 0.0453125
10 0.01171875 0.8109375 0.0234375 0.03125
10 0.00546875 0.8515625 0.0109375 0.028125
10 0.00859375 0.878125 0.0171875 0.03125
2 0.3796875 0.45 0.3796875 0.9812498203125 0.38451453125 0.9776123906249999 0.4359550828125 0.9858280484375002 0.4333379796875 1 0.7449212281250001 1 0.7463025125 0.99492894375 0.7696165234375 0.8009735671874999 0.8327496953125 0.45 0.3796875 0.45
