2 0.23984375 0.28125 0.4796875 0.215625
10 0.05234375 0.2953125 0.1046875 0.0875
10 0.215625 0.2859375 0.05 0.071875
6 0.77578125 0.23984375 0.4484375 0.4796875
3 0.28359375 0.77109375 0.3921875 0.2109375
10 0.44296875 0.76640625 0.059375 0.0546875
10 0.3484375 0.74140625 0.034375 0.028125
10 0.30859375 0.7171875 0.09375 0.0328125
0 0.15703125 0.72578125 0.071875 0.0265625
2 0.67578125 0.7578125 0.3921875 0.484375
10 0.73203125 0.56640625 0.046875 0.025
10 0.7765625 0.57109375 0.0296875 0.015625
10 0.8125 0.58046875 0.0296875 0.021875
10 0.8421875 0.60078125 0.028125 0.0375
