2 0.0875 0.24453125 0.175 0.4890625
6 0.75 0.24453125 0.5 0.4890625
5 0.0703125 0.72578125 0.140625 0.4265625
9 0.7390625 0.78125 0.478125 0.4375
10 0.91484375 0.63828125 0.05 0.046875
10 0.7234375 0.68984375 0.0796875 0.040625
10 0.790625 0.62734375 0.0375 0.034375
10 0.54140625 0.81875 0.0703125 0.04375
10 0.64140625 0.828125 0.0328125 0.0265625
10 0.65234375 0.89140625 0.0328125 0.025
10 0.52734375 0.68359375 0.040625 0.1875
10 0.6359375 0.6234375 0.03125 0.03125
10 0.62578125 0.68671875 0.0203125 0.015625
10 0.91953125 0.82109375 0.0203125 0.0203125
