1 0.234375 0.30546875 0.46875 0.3671875
1 0.64453125 0.24453125 0.3515625 0.4890625
8 0.234375 0.68203125 0.46875 0.3859375
10 0.01875 0.565625 0.0140625 0.0140625
10 0.07109375 0.65234375 0.021875 0.0171875
10 0.103125 0.73203125 0.015625 0.034375
10 0.1921875 0.7703125 0.03125 0.021875
10 0.35625 0.7578125 0.1671875 0.084375
10 0.2296875 0.696875 0.128125 0.05625
10 0.33203125 0.63671875 0.2375 0.0609375
10 0.20625 0.51328125 0.0265625 0.0203125
10 0.2765625 0.53046875 0.0296875 0.0171875
10 0.40234375 0.50234375 0.01875 0.0140625
10 0.43515625 0.55390625 0.021875 0.025
4 0.6796875 0.7328125 0.421875 0.4875
10 0.68359375 0.584375 0.0328125 0.025
