3 0.28984375 0.26953125 0.5796875 0.5390625
0 0.39140625 0.01796875 0.1203125 0.0359375
0 0.490625 0.0203125 0.096875 0.040625
0 0.47734375 0.084375 0.1546875 0.16875
0 0.525 0.22265625 0.109375 0.1390625
0 0.328125 0.1359375 0.18125 0.1203125
0 0.13671875 0.1609375 0.2078125 0.1359375
0 0.1546875 0.2484375 0.19375 0.09375
0 0.3671875 0.23359375 0.2359375 0.1578125
0 0.4921875 0.35 0.1109375 0.14375
0 0.509375 0.4546875 0.140625 0.1
0 0.5328125 0.51171875 0.09375 0.0546875
0 0.1625 0.32734375 0.196875 0.1109375
0 0.2765625 0.3875 0.1875 0.1203125
0 0.13671875 0.43671875 0.1640625 0.140625
0 0.28359375 0.47890625 0.1578125 0.1203125
0 0.13046875 0.5125 0.1078125 0.053125
4 0.76171875 0.146875 0.3390625 0.29375
5 0.28984375 0.76953125 0.5796875 0.4609375
4 0.6984375 0.76953125 0.2375 0.4609375
