3 0.2078125 0.228125 0.415625 0.44375
2 0.75078125 0.225 0.4984375 0.45
0 0.97890625 0.1375 0.0421875 0.275
0 0.7765625 0.06328125 0.29375 0.1265625
0 0.7984375 0.17890625 0.23125 0.134375
0 0.965625 0.3203125 0.06875 0.096875
0 0.74296875 0.29375 0.315625 0.13125
2 0.353125 0.7609375 0.253125 0.478125
9 0.4796875 0.45 0.4796875 0.597356275 0.6355696156249999 0.8157377734375 0.6569952703124999 0.8406561296875001 0.6911066765625 0.8620490796875 0.7188416765625 0.8635631328125001 0.7472739875000001 0.8600720828124999 0.7786313265625 0.8483507156249999 0.8990956749999999 0.7823969453125 0.9610795124999999 0.7423177078125001 0.9921988265625 0.7286577734374999 1 0.7230537609375001 1 0.5749041937499999 0.8035732171875001 0.45 0.4796875 0.45
10 0.91171875 0.6828125 0.0390625 0.0359375
10 0.88203125 0.734375 0.0390625 0.034375
10 0.9328125 0.70234375 0.028125 0.0203125
