5 0.4390625 0 0.2715977796875 0 0.28619877968749996 0.07890414375 0.3226286015625 0.3372011015625 0.3303852 0.3831920390625 0.34787054687499996 0.4189988859375 0.36446614374999997 0.4298581578125 0.39345035 0.4379437390625 0.4390625 0.437874853125 0.4390625 0
8 0.71953125 0.29453125 0.5609375 0.5890625
10 0.79921875 0.0875 0.125 0.0828125
10 0.97109375 0.15078125 0.0578125 0.1046875
10 0.684375 0.5171875 0.490625 0.14375
10 0.8234375 0.496875 0.0375 0.0296875
10 0.56796875 0.4109375 0.1453125 0.071875
10 0.8953125 0.25 0.1703125 0.15625
10 0.95859375 0.5109375 0.0359375 0.0484375
1 0.24921875 0.7953125 0.3109375 0.409375
1 0.71953125 0.79453125 0.5609375 0.4109375
