8 0.57578125 0.50703125 0.50625 0.79453125
10 0.43984375 0.21015625 0.0875 0.059375
10 0.74140625 0.1453125 0.0296875 0.0453125
10 0.540625 0.18671875 0.0796875 0.0421875
10 0.5546875 0.23828125 0.03828125 0.0484375
10 0.7265625 0.20078125 0.046875 0.04375
10 0.50625 0.6515625 0.0234375 0.009375
10 0.71875 0.62109375 0.0734375 0.01796875
10 0.71640625 0.72890625 0.05078125 0.03984375
10 0.440625 0.8171875 0.03671875 0.02421875
10 0.653125 0.8640625 0.0296875 0.025
10 0.415625 0.68125 0.0796875 0.0328125
10 0.38515625 0.515625 0.028125 0.01875
10 0.70078125 0.47421875 0.05859375 0.021875
10 0.7328125 0.37578125 0.025 0.04921875
