2 0.3625 0.21953125 0.4125 0.4390625
3 0.784375 0.21953125 0.43125 0.4390625
10 0.61640625 0.19453125 0.0953125 0.2296875
10 0.76953125 0.01171875 0.4015625 0.0234375
10 0.878125 0.10859375 0.025 0.0234375
3 0.26328125 0.7140625 0.5265625 0.55
0 0.0875 0.946875 0.078125 0.0453125
10 0.35390625 0.9625 0.15 0.021875
0 0.43203125 0.7796875 0.0984375 0.0953125
0 0.08671875 0.7171875 0.1015625 0.103125
0 0.20703125 0.5234375 0.1421875 0.0484375
0 0.38359375 0.56171875 0.2125 0.2265625
0 0.253125 0.646875 0.2640625 0.2203125
7 0.784375 0.71953125 0.43125 0.5609375
