3 0.24140625 0.3109375 0.4828125 0.45625
10 0.28671875 0.15078125 0.053125 0.0703125
10 0.31953125 0.375 0.1109375 0.328125
10 0.1265625 0.32890625 0.0375 0.0421875
10 0.09140625 0.29296875 0.028125 0.0203125
7 0.759375 0.29140625 0.48125 0.4953125
3 0.259375 0.7875 0.51875 0.425
10 0.0984375 0.68125 0.196875 0.090625
10 0.296875 0.81953125 0.025 0.0328125
10 0.11796875 0.77421875 0.028125 0.025
8 0.51875 1 1 1 1 0.994940784375 0.9471445515625 0.8773327999999999 0.9327628609375 0.8332621859374999 0.9064269765624999 0.7813831421874999 0.8439196625000001 0.6218449296874999 0.8076111234375001 0.55090015625 0.78394663125 0.544164940625 0.7707844578125 0.5445025328125 0.57117979375 0.5747400828125 0.51875 0.585838965625 0.51875 1
