1 0.243756234375 0 0.20681065781250002 0.1475923046875 0.1973916015625 0.1594492453125 0.196974475 0.184409196875 0.1285672578125 0.4390625 0.1961365671875 0.4390625 0.24485263906250002 0.231711121875 0.257361653125 0.1833169234375 0.2656823171875 0.17621765 0.29224121406250003 0.0380252390625 0.31017210781250004 0 0.243756234375 0
10 0.25859375 0.065625 0.0640625 0.059375
10 0.22109375 0.203125 0.0640625 0.059375
10 0.2015625 0.3421875 0.0640625 0.0625
10 0.17265625 0.390625 0.090625 0.053125
10 0.1890625 0.43125 0.028125 0.015625
3 0.8296875 0.21953125 0.340625 0.4390625
1 0.2953125 0.70390625 0.590625 0.5296875
0 0.46015625 0.4890625 0.0671875 0.1
0 0.07421875 0.56875 0.1484375 0.259375
5 0.8296875 0.7609375 0.340625 0.478125
