6 0.2015625 0.234375 0.403125 0.46875
10 0.47265625 0.009375 0.0265625 0.01875
10 0.52265625 0.45546875 0.0609375 0.0203125
9 0.6140625 0.234375 0.309375 0.46875
3 0.2578125 0.80234375 0.403125 0.3953125
8 0.7296875 0.734375 0.540625 0.53125
10 0.6078125 0.5 0.059375 0.0625
10 0.52265625 0.51328125 0.0109375 0.0140625
10 0.47265625 0.86328125 0.0265625 0.0890625
10 0.7203125 0.85859375 0.0390625 0.0890625
10 0.7125 0.9859375 0.059375 0.028125
10 0.9125 0.8046875 0.1484375 0.0984375
10 0.8890625 0.9703125 0.04375 0.059375
10 0.96484375 0.95 0.04375 0.090625
10 0.525 0.98515625 0.040625 0.0296875
