10 0.09140625 0.3828125 0.034375 0.034375
10 0.10859375 0.20234375 0.01875 0.0265625
10 0.11484375 0.2359375 0.034375 0.0359375
8 0.0370474390625 0 0.041630693749999996 0.1642095109375 0.039074578124999995 0.23740708124999998 0.0332900296875 0.25381676249999996 0.037057574999999995 0.257856959375 0.027675892187500002 0.26534660468750004 0.0274032390625 0.2731543453125 0.0399730796875 0.2862963453125 0.0424796078125 0.32644734375 0.043709821875 0.45 0.1482499765625 0.45 0.1422142453125 0.00746809375 0.14082623125 0 0.0370474390625 0
6 0.77265625 0.328125 0.4546875 0.24375
3 0.159375 0.725 0.31875 0.55
10 0.0984375 0.465625 0.1375 0.03125
10 0.040625 0.6171875 0.08125 0.125
10 0.24921875 0.6828125 0.05 0.09375
2 0.55234375 0.6796875 0.3953125 0.459375
