5 0.3 0.1796875 0.3375 0.359375
3 0.65546875 0.1875 0.3734375 0.34375
9 0.46875 1 0.46875 0.8656498078125001 0.296070496875 0.41148149375000004 0.26962461875 0.369278146875 0.2545872546875 0.35956124218749996 0.223549621875 0.3636895 0.20809432499999997 0.3853281296875 0.213875453125 0.505334375 0.24550317187499998 0.6029753609374999 0.25664380000000003 0.6129647515625 0.2859010703125 0.6207083546875 0.306406565625 0.6339586781250001 0.3273115875 0.6902547390625 0.3402187734375 0.7441732218749999 0.33700325468750003 0.7541875453125 0.3540934703125 0.755929321875 0.35846705624999997 0.762476121875 0.364616403125 0.7757513781250001 0.3598294875 0.7819597953125 0.36235458593750003 0.7994042718750001 0.379099590625 0.8148754484375 0.399187153125 0.85948130625 0.41393822656249996 0.9211024296874999 0.424188671875 0.93702775 0.42835329218749996 0.9592523156249999 0.43388954531249996 0.9637599203124999 0.446739996875 1 0.46875 1
10 0.3640625 0.69453125 0.1078125 0.1921875
10 0.27734375 0.45234375 0.0390625 0.053125
10 0.40078125 0.8 0.0515625 0.040625
10 0.25859375 0.5734375 0.0265625 0.034375
10 0.2375 0.37421875 0.065625 0.0296875
2 0.88125 0.6796875 0.2375 0.640625
10 0.94296875 0.5453125 0.1140625 0.371875
