8 0.21484375 0.16953125 0.4078125 0.3390625
10 0.19453125 0.025 0.0984375 0.05
10 0.13515625 0.0015625 0.0203125 0.003125
10 0.1109375 0.0390625 0.021875 0.0328125
10 0.08671875 0.16953125 0.015625 0.015625
10 0.11796875 0.26640625 0.0234375 0.0203125
10 0.2625 0.32421875 0.13125 0.0296875
10 0.33671875 0.3015625 0.1640625 0.075
10 0.28046875 0.1609375 0.028125 0.0234375
10 0.3453125 0.19375 0.03125 0.0203125
10 0.32734375 0.065625 0.0234375 0.0171875
1 0.709375 0.17734375 0.58125 0.3234375
4 0.146875 0.6046875 0.29375 0.53125
9 0.7296603109375 0.3390625 0.6551022875 0.8400891046875 0.6579526515625 0.8614158796875 0.6776215890625 0.8698421812500001 0.6930835328125 0.8646355187499999 0.698022234375 0.851623559375 0.7321399375000001 0.620640446875 0.7308367062500001 0.6055362390625 0.7793570296875 0.34536061406249996 0.7781493953125 0.3390625 0.7296603109375 0.3390625
