5 0.1578125 0.2703125 0.315625 0.396875
10 0.0203125 0.22421875 0.040625 0.0578125
10 0.015625 0.14609375 0.03125 0.0734375
9 0.753125 0.234375 0.49375 0.46875
2 0.21953125 0.734375 0.4390625 0.53125
2 0.63984375 0.79765625 0.4015625 0.4046875
0 0.65859375 0.725 0.2265625 0.1234375
0 0.65078125 0.81328125 0.2046875 0.140625
0 0.503125 0.8015625 0.128125 0.1375
0 0.521875 0.91484375 0.165625 0.1703125
0 0.6546875 0.94140625 0.146875 0.1171875
0 0.5078125 0.9703125 0.1375 0.059375
0 0.51953125 0.671875 0.0984375 0.059375
