1 0.3125 0.25 0.4125 0.5
10 0.278125 0.10390625 0.0265625 0.0171875
10 0.38671875 0.03203125 0.0234375 0.009375
9 0.82421875 0.25 0.3515625 0.5
3 0.128125 0.75 0.25625 0.5
8 0.759375 0.75 0.48125 0.5
0 0.72578125 0.51015625 0.0265625 0.0203125
0 0.72265625 0.546875 0.0421875 0.0546875
0 0.940625 0.5078125 0.059375 0.015625
0 0.52890625 0.52109375 0.0203125 0.0421875
0 0.6203125 0.98828125 0.053125 0.021875
0 0.7171875 0.98984375 0.13125 0.0203125
0 0.796875 0.9875 0.046875 0.025
0 0.8890625 0.9765625 0.040625 0.046875
0 0.73515625 0.92578125 0.059375 0.0171875
0 0.55546875 0.90546875 0.0734375 0.0390625
0 0.8765625 0.7203125 0.0296875 0.0296875
0 0.76484375 0.584375 0.0203125 0.0203125
0 0.95234375 0.68125 0.0953125 0.0375
0 0.99453125 0.74453125 0.0109375 0.0953125
0 0.9765625 0.8890625 0.04375 0.0671875
0 0.9625 0.953125 0.03125 0.028125
0 0.940625 0.98203125 0.071875 0.0359375
0 0.73828125 0.8953125 0.046875 0.040625
0 0.69921875 0.821875 0.05 0.0734375
0 0.6765625 0.73359375 0.03125 0.0671875
0 0.68515625 0.6640625 0.0265625 0.059375
0 0.71328125 0.603125 0.0140625 0.059375
0 0.7828125 0.60546875 0.025 0.0203125
0 0.81328125 0.62890625 0.03125 0.0171875
