5 0 0.4175845546875 0.0454735765625 0.34335981875 0.181878828125 0.1347631703125 0.1888117625 0.11777548593750001 0.1811858625 0.0966612828125 0.167518453125 0.08466482656249999 0.1408991625 0.0743250515625 0 0.025772910937499997 0 0.4175845546875
8 0.865625 0.3125 0.26875 0.625
10 0.91015625 0.01328125 0.1796875 0.0265625
10 0.8109375 0.02890625 0.078125 0.046875
10 0.7703125 0.13515625 0.0359375 0.146875
10 0.95390625 0.3375 0.0921875 0.040625
10 0.7921875 0.36953125 0.0171875 0.046875
4 0.26953125 0.81484375 0.5390625 0.3703125
4 0.76953125 0.81484375 0.4609375 0.3703125
11 0.80703125 0.75859375 0.103125 0.2375
11 0.93203125 0.84609375 0.1359375 0.0515625
11 0.69765625 0.9 0.2390625 0.0671875
