5 0.3109375 0.2046875 0.578125 0.409375
10 0.65234375 0.0890625 0.0265625 0.046875
10 0.65390625 0.10625 0.0296875 0.028125
10 0.6578125 0.15546875 0.0328125 0.025
8 0.07231250781250001 0.459375 0.0595266734375 0.5306044156249999 0.0504517625 0.544348990625 0.0395652375 0.6000706453125 0.030484278124999997 0.618868659375 0 0.7287474015625 0 1 0.49254218749999995 1 0.62272590625 0.47627777968749996 0.6228821796874999 0.459375 0.07231250781250001 0.459375
0 0.4046875 0.51484375 0.203125 0.1109375
10 0.55234375 0.5 0.1546875 0.08125
0 0.1515625 0.86015625 0.2625 0.2796875
8 0.81953125 0.70546875 0.3609375 0.4921875
0 0.81953125 0.79140625 0.3609375 0.2796875
