4 0.30390625 0.08984375 0.2703125 0.1796875
2 0.81953125 0.08984375 0.3609375 0.1796875
1 0.21953125 0.6328125 0.4390625 0.734375
7 0.4390625 0.1796875 0.4390625 0.8970596921875 0.6829776375 0.90454931875 0.727271321875 0.9019811390625 0.75798179375 0.8859883578125001 0.769519225 0.8641012484375 0.7733874359375 0.8398564046875 0.7919439453124999 0.2379519078125 0.7967065718749999 0.1966406421875 0.79616026875 0.1796875 0.4390625 0.1796875
10 0.609375 0.859375 0.340625 0.1125
10 0.546875 0.6703125 0.215625 0.271875
10 0.73203125 0.56171875 0.0828125 0.1171875
10 0.75234375 0.79140625 0.0375 0.09375
10 0.6578125 0.28359375 0.0453125 0.1
10 0.6984375 0.425 0.0421875 0.05625
10 0.49921875 0.4140625 0.1203125 0.0875
10 0.5171875 0.29609375 0.1453125 0.1203125
