7 0.38203125 0.21484375 0.6953125 0.4296875
2 0.790625 0.31171875 0.121875 0.2359375
0 0.325 0.63125 0.0546875 0.0515625
0 0.2453125 0.6421875 0.059375 0.0421875
0 0.303125 0.69765625 0.1109375 0.0765625
0 0.3359375 0.76015625 0.0734375 0.05
0 0.375 0.8109375 0.1015625 0.05
0 0.43203125 0.85390625 0.0953125 0.05
0 0.26171875 0.75234375 0.06875 0.0453125
0 0.23125 0.790625 0.0828125 0.0453125
0 0.18046875 0.8125 0.0421875 0.0390625
0 0.44453125 0.98828125 0.0921875 0.0234375
0 0.371875 0.98671875 0.084375 0.0265625
0 0.28203125 0.96796875 0.0796875 0.059375
0 0.28046875 0.92109375 0.084375 0.046875
0 0.2953125 0.8890625 0.134375 0.0625
0 0.24375 0.834375 0.0796875 0.0515625
2 0.31171875 0.78984375 0.4765625 0.4203125
4 0.86484375 0.71484375 0.2703125 0.5703125
