2 0.15078125 0.2359375 0.3015625 0.471875
8 0.7421875 0.25 0.515625 0.5
0 0.75390625 0.26796875 0.4921875 0.4578125
10 0.5234375 0.44765625 0.046875 0.04375
10 0.7984375 0.475 0.140625 0.05
4 0.15390625 0.740625 0.3078125 0.48125
10 0.090625 0.8859375 0.096875 0.0640625
10 0.015625 0.875 0.03125 0.05625
8 0.68359375 0.778125 0.4890625 0.44375
10 0.58125 0.6296875 0.109375 0.0546875
10 0.753125 0.62890625 0.01875 0.015625
10 0.80234375 0.6796875 0.021875 0.01875
10 0.66953125 0.6328125 0.0375 0.034375
10 0.61875 0.678125 0.01875 0.0140625
10 0.53125 0.7296875 0.03125 0.0265625
10 0.8 0.803125 0.0453125 0.0546875
10 0.5765625 0.87578125 0.0859375 0.075
10 0.8140625 0.946875 0.1 0.10625
10 0.5890625 0.94375 0.1484375 0.0703125
10 0.58984375 0.99296875 0.0546875 0.0140625
10 0.7125 0.9265625 0.03125 0.028125
