1 0.24453125 0.33984375 0.4890625 0.6796875
9 0.91484375 0.334375 0.1703125 0.59375
10 0.940625 0.34140625 0.11875 0.5671875
4 0.309375 0.83984375 0.328125 0.3203125
2 0.77890625 0.83984375 0.4421875 0.3203125
0 0.95703125 0.72734375 0.0859375 0.0765625
0 0.95078125 0.80390625 0.0984375 0.0765625
0 0.91484375 0.884375 0.1703125 0.103125
0 0.74609375 0.8484375 0.153125 0.0890625
0 0.69609375 0.73125 0.0453125 0.1
0 0.8484375 0.70390625 0.128125 0.0390625
0 0.82890625 0.95390625 0.2890625 0.0921875
