4 0.52421875 0.54453125 0.55390625 0.8765625
0 0.46484375 0.12734375 0.01875 0.01953125
0 0.47734375 0.178125 0.0046875 0.02265625
0 0.4859375 0.20625 0.0125 0.0234375
0 0.48984375 0.234375 0.01953125 0.028125
0 0.496875 0.2640625 0.02265625 0.0328125
0 0.503125 0.29609375 0.0171875 0.0328125
0 0.509375 0.33125 0.00703125 0.025
0 0.521875 0.3609375 0.0203125 0.028125
0 0.4265625 0.4015625 0.05625 0.01796875
0 0.27109375 0.421875 0.0421875 0.02578125
0 0.321875 0.4171875 0.0515625 0.01796875
0 0.371875 0.41640625 0.04140625 0.0203125
0 0.49296875 0.39140625 0.0671875 0.01875
0 0.5609375 0.384375 0.04765625 0.015625
0 0.61875 0.38203125 0.04921875 0.01015625
0 0.6734375 0.38046875 0.046875 0.01171875
0 0.74375 0.37890625 0.075 0.00859375
0 0.734375 0.5859375 0.046875 0.02734375
0 0.2890625 0.83984375 0.04296875 0.0265625
0 0.328125 0.865625 0.021875 0.04375
0 0.35625 0.909375 0.0234375 0.03671875
0 0.42734375 0.9671875 0.0421875 0.02734375
0 0.321875 0.93671875 0.0421875 0.02578125
0 0.365625 0.96953125 0.040625 0.0328125
0 0.56640625 0.9734375 0.0359375 0.01328125
0 0.61875 0.96796875 0.06875 0.01796875
0 0.69375 0.9640625 0.0703125 0.015625
0 0.74765625 0.96640625 0.0328125 0.02734375
0 0.77109375 0.92265625 0.0625 0.04296875
0 0.7078125 0.89375 0.040625 0.0828125
0 0.6515625 0.92890625 0.06171875 0.0546875
0 0.56875 0.93125 0.0296875 0.053125
0 0.43046875 0.91953125 0.0234375 0.075
0 0.69765625 0.6 0.0265625 0.0421875
0 0.7453125 0.640625 0.02421875 0.034375
0 0.74296875 0.68125 0.01015625 0.0453125
0 0.728125 0.72578125 0.03203125 0.02734375
0 0.6890625 0.7609375 0.021875 0.04453125
0 0.7328125 0.75390625 0.0140625 0.03671875
0 0.72578125 0.8109375 0.00859375 0.07109375
0 0.6703125 0.8 0.0265625 0.040625
0 0.65546875 0.8421875 0.03828125 0.03984375
0 0.6296875 0.88671875 0.0234375 0.02734375
0 0.5859375 0.8609375 0.046875 0.08671875
0 0.46171875 0.8296875 0.059375 0.10546875
0 0.50625 0.65625 0.0515625 0.1015625
0 0.540625 0.628125 0.01875 0.0515625
0 0.49296875 0.74140625 0.03984375 0.05859375
0 0.6671875 0.54375 0.0890625 0.059375
