5 0.31953125 0.184375 0.6390625 0.36875
1 0.81953125 0.184375 0.3609375 0.36875
8 0.31953125 0.684375 0.6390625 0.63125
10 0.3375 0.371875 0.065625 0.00625
10 0.29375 0.3734375 0.00625 0.00625
10 0.36953125 0.4265625 0.11875 0.0875
10 0.45078125 0.43359375 0.028125 0.01875
10 0.4796875 0.46171875 0.01875 0.0109375
10 0.59375 0.5203125 0.009375 0.0171875
10 0.6203125 0.571875 0.0375 0.090625
10 0.63046875 0.64609375 0.0171875 0.0078125
10 0.46953125 0.79375 0.015625 0.0109375
10 0.4984375 0.7125 0.015625 0.0109375
10 0.50546875 0.73828125 0.015625 0.0125
10 0.47890625 0.73828125 0.01875 0.015625
10 0.5 0.76015625 0.0109375 0.009375
10 0.46953125 0.76640625 0.021875 0.021875
10 0.43125 0.765625 0.015625 0.015625
10 0.4515625 0.784375 0.009375 0.0109375
10 0.45390625 0.809375 0.0125 0.009375
10 0.3859375 0.87421875 0.0140625 0.0125
10 0.39921875 0.83984375 0.03125 0.025
10 0.196875 0.8578125 0.01875 0.015625
10 0.1015625 0.86328125 0.0125 0.0078125
10 0.19453125 0.94453125 0.0125 0.0140625
10 0.23828125 0.96875 0.015625 0.0125
10 0.05390625 0.6234375 0.009375 0.00625
10 0.06015625 0.60703125 0.0125 0.009375
10 0.04453125 0.63515625 0.009375 0.0109375
10 0.034375 0.64453125 0.00625 0.003125
10 0.1203125 0.60703125 0.00625 0.00625
10 0.15703125 0.55625 0.009375 0.0046875
10 0.12421875 0.55703125 0.0078125 0.003125
10 0.13125 0.56328125 0.00625 0.003125
10 0.0859375 0.5671875 0.0078125 0.00625
10 0.134375 0.54453125 0.009375 0.00625
10 0.1640625 0.53203125 0.009375 0.00625
10 0.31171875 0.66015625 0.009375 0.00625
10 0.31015625 0.6234375 0.00625 0.0140625
10 0.32421875 0.609375 0.015625 0.0109375
3 0.81953125 0.65078125 0.3609375 0.5640625
