9 0 0 0 0.41875 0.10634173437500001 0.41875 0.1822999984375 0.2358023640625 0.18529004531249998 0.2145270734375 0.177219034375 0.1877526140625 0.1853702171875 0.1484656375 0.20200014687499998 0.133051946875 0.220867375 0.1297866046875 0.27511330312500004 0.015126565625 0.28094382812499996 0 0 0
10 0.115625 0.2234375 0.1265625 0.125
10 0.11640625 0.31015625 0.0671875 0.053125
10 0.05625 0.37421875 0.1125 0.0546875
10 0.1953125 0.053125 0.1875 0.10625
10 0.0078125 0.06015625 0.015625 0.0953125
10 0.06015625 0.08984375 0.1203125 0.1328125
10 0.15078125 0.10390625 0.1234375 0.08125
10 0.10234375 0.0125 0.0703125 0.025
10 0.05390625 0.38671875 0.1078125 0.0640625
10 0.00546875 0.26875 0.0109375 0.04375
10 0.04140625 0.1953125 0.034375 0.04375
10 0.0109375 0.16875 0.021875 0.034375
2 0.675 0.209375 0.284375 0.41875
10 0.61875 0.21875 0.1140625 0.3171875
4 0.14453125 0.709375 0.2890625 0.58125
9 0.61015625 0.709375 0.6421875 0.58125
0 0.31328125 0.81328125 0.0484375 0.1109375
10 0.39140625 0.4625 0.0890625 0.0875
