3 0.3359375 0.4015625 0.246875 0.55625
4 0.6328125 0.36953125 0.346875 0.5046875
10 0.48125 0.209375 0.04375 0.09375
2 0.22578125 0.83984375 0.4515625 0.3203125
0 0.89921875 0.68984375 0.1109375 0.0203125
0 0.9328125 0.72421875 0.0734375 0.05
0 0.96015625 0.775 0.0796875 0.05
0 0.85859375 0.71640625 0.06875 0.0453125
0 0.828125 0.7546875 0.0828125 0.0453125
0 0.77734375 0.7765625 0.0421875 0.0390625
0 0.853125 0.97734375 0.10625 0.0453125
0 0.96328125 0.96875 0.0734375 0.0625
0 0.92734375 0.97578125 0.0765625 0.0484375
0 0.87890625 0.93203125 0.0796875 0.059375
0 0.87734375 0.88515625 0.084375 0.046875
0 0.8921875 0.853125 0.134375 0.0625
0 0.840625 0.7984375 0.0796875 0.0515625
2 0.83515625 0.83984375 0.3296875 0.3203125
