2 0.159375 0.18046875 0.31875 0.3609375
4 0.58828125 0.271875 0.4578125 0.334375
2 0.159375 0.71953125 0.31875 0.5609375
1 0.676257203125 0.4390625 0.67616039375 0.5425530203125 0.6698895765625 0.5563364359375 0.6755232 0.5806558828125 0.6688956125 0.9470382890625 0.67716709375 0.9732651140625 0.6903222890625 0.9808491781249999 0.7099016953125 0.983437553125 0.7306125515625 0.9762390640625 0.737997778125 0.9516923734375 0.7334225484375 0.6149699609375 0.733852375 0.5649870734375 0.7402084109375 0.556085728125 0.73382744375 0.4390625 0.676257203125 0.4390625
10 0.70625 0.45703125 0.05625 0.0359375
10 0.70390625 0.59296875 0.0546875 0.05
10 0.71796875 0.7328125 0.0546875 0.053125
10 0.7015625 0.78671875 0.084375 0.0359375
10 0.72890625 0.82578125 0.025 0.0171875
10 0.69453125 0.85703125 0.0296875 0.0265625
10 0.69375 0.88671875 0.0234375 0.0171875
10 0.71015625 0.953125 0.084375 0.075
10 0.7296875 0.91328125 0.034375 0.0453125
