3 0.209375 0.2328125 0.41875 0.071875
6 0.69375 0.134375 0.353125 0.26875
4 0.209375 0.634375 0.41875 0.73125
2 0.6109375 0.58515625 0.384375 0.6328125
0 0.5234375 0.27890625 0.078125 0.0203125
0 0.609375 0.28203125 0.096875 0.0265625
0 0.45859375 0.3109375 0.0796875 0.0625
0 0.5296875 0.3078125 0.0765625 0.0484375
0 0.4328125 0.37109375 0.028125 0.0671875
0 0.48515625 0.36875 0.0859375 0.0734375
0 0.56484375 0.3578125 0.078125 0.0734375
0 0.4359375 0.4453125 0.034375 0.084375
0 0.50078125 0.43125 0.1078125 0.078125
0 0.72421875 0.56328125 0.084375 0.0890625
0 0.7109375 0.63203125 0.1140625 0.103125
0 0.6875 0.696875 0.103125 0.0703125
0 0.6890625 0.7515625 0.1015625 0.0625
0 0.6953125 0.81328125 0.10625 0.0828125
0 0.5921875 0.81953125 0.109375 0.0859375
0 0.6 0.74453125 0.0890625 0.0703125
