1 0.31875 0 0 0 0 0.4498903703125 0.1924013546875 0.49347009374999995 0.2187099109375 0.494604596875 0.23628387812499999 0.4860825453125 0.24839872812500002 0.47152514375 0.2615238578125 0.43129826875 0.31875 0.1738617671875 0.31875 0
3 0.665625 0.13125 0.609375 0.2625
0 0.88203125 0.20390625 0.0703125 0.053125
10 0.7265625 0.11875 0.0671875 0.0625
10 0.6375 0.0796875 0.0375 0.0328125
10 0.83203125 0.15234375 0.03125 0.025
10 0.6015625 0.04921875 0.096875 0.046875
0 0.4515625 0.034375 0.075 0.0359375
8 0.26171875 0.784375 0.1140625 0.43125
10 0.2875 0.86171875 0.0625 0.2765625
1 0.57265625 0.784375 0.5078125 0.43125
