1 0.303125 0.275 0.60625 0.55
3 0.88515625 0.28046875 0.2296875 0.4328125
2 0.390625 0.753125 0.478125 0.40625
8 0.81484375 0.775 0.3703125 0.45
10 0.7765625 0.61640625 0.0171875 0.0125
10 0.81640625 0.56328125 0.0171875 0.0125
10 0.78984375 0.56171875 0.0203125 0.0171875
10 0.809375 0.584375 0.0109375 0.009375
10 0.77890625 0.5890625 0.021875 0.021875
10 0.740625 0.58515625 0.0171875 0.0171875
10 0.759375 0.60546875 0.0109375 0.0109375
10 0.76015625 0.63046875 0.0125 0.009375
10 0.6875 0.690625 0.015625 0.0125
10 0.703125 0.65703125 0.0328125 0.0265625
