2 0.234375 0.259375 0.46875 0.51875
1 0.7609375 0.271875 0.478125 0.49375
1 0.46875 1 0.46875 0.51875 0.07681921093750001 0.51875 0.0768452328125 0.522552275 0.0905119296875 0.913915284375 0.094654371875 0.92061073125 0.09341505156249999 0.9597403203125001 0.0978145296875 1 0.46875 1
8 0.70625 0.759375 0.475 0.48125
10 0.53125 0.590625 0.0890625 0.0625
10 0.8296875 0.528125 0.03125 0.01875
10 0.63125 0.56328125 0.08125 0.0453125
10 0.646875 0.61484375 0.040625 0.05
10 0.8171875 0.57109375 0.0484375 0.0453125
10 0.82421875 0.990625 0.0734375 0.01875
10 0.4875 0.89765625 0.028125 0.0203125
10 0.8015625 0.8453125 0.059375 0.0234375
10 0.8296875 0.74609375 0.0265625 0.05
