0 0.19453125 0.35 0.3890625 0.7
0 0.35859375 0.05 0.0609375 0.1
0 0.29140625 0.09765625 0.053125 0.0203125
0 0.23984375 0.1140625 0.05 0.025
0 0.1859375 0.10546875 0.0421875 0.0203125
0 0.1265625 0.12734375 0.071875 0.04375
0 0.19765625 0.13046875 0.05625 0.021875
0 0.33984375 0.11171875 0.04375 0.028125
0 0.30078125 0.13828125 0.0390625 0.025
0 0.271875 0.16171875 0.034375 0.021875
0 0.2390625 0.178125 0.0421875 0.01875
0 0.20703125 0.18828125 0.0265625 0.0140625
0 0.17734375 0.1984375 0.0359375 0.015625
0 0.1453125 0.21015625 0.0375 0.0125
0 0.10703125 0.21640625 0.03125 0.0109375
3 0.8109375 0.3578125 0.378125 0.684375
3 0.53671875 0.365625 0.2953125 0.66875
9 0.19453125 0.85 0.3890625 0.3
3 0.69453125 0.82421875 0.6109375 0.2484375
