8 0.34453125 0.33671875 0.3296875 0.2453125
10 0.2125 0.36953125 0.046875 0.1234375
10 0.3640625 0.27578125 0.2796875 0.071875
3 0.7546875 0.2296875 0.490625 0.459375
10 0.71953125 0.175 0.1421875 0.134375
10 0.5875 0.23828125 0.15625 0.1171875
10 0.5890625 0.14765625 0.1484375 0.109375
5 0 0.8549886093750001 0.0048259109375 0.85511385625 0.06430601875 0.8604643843750001 0.0930212203125 0.8578672359375 0.10256354999999999 0.8659608000000001 0.13181323125 0.8592803968750001 0.193132175 0.8672580125 0.24912094687500003 0.8683129843749999 0.283676271875 0.861596109375 0.29528292343749996 0.8324793109374999 0.2859023984375 0.8183852515625001 0.23338043593750002 0.8146667203125 0.19475023125 0.8072530625000001 0.163475375 0.8103477578125 0.12193737499999999 0.808473521875 0.0778151890625 0.8001377171874999 0.0355563703125 0.8013881156250001 0.000044829687500000005 0.7963527734375 0 0.7963513499999999 0 0.8549886093750001
10 0.028125 0.82734375 0.05625 0.1234375
10 0.26875 0.8421875 0.0515625 0.0546875
3 0.8421875 0.7296875 0.315625 0.540625
10 0.8921875 0.61640625 0.125 0.1953125
