3 0.1234375 0.26484375 0.246875 0.5296875
10 0.06640625 0.0609375 0.1328125 0.121875
10 0.059375 0.22890625 0.11875 0.2265625
10 0.040625 0.4609375 0.08125 0.1375
2 0.77265625 0.25859375 0.4546875 0.5171875
10 0.5890625 0.3296875 0.046875 0.0734375
10 0.6953125 0.41640625 0.0265625 0.01875
10 0.88125 0.33125 0.028125 0.0234375
10 0.9515625 0.4 0.0515625 0.0296875
10 0.959375 0.2484375 0.040625 0.0390625
10 0.9921875 0.2453125 0.015625 0.028125
10 0.9 0.04609375 0.046875 0.0921875
4 0.23984375 0.87265625 0.4796875 0.2546875
1 0.75 0.76484375 0.5 0.4703125
10 0.98203125 0.82890625 0.0359375 0.1390625
