2 0.34609375 0.184375 0.2265625 0.36875
1 0.7296875 0.184375 0.540625 0.36875
10 0.9671875 0.04375 0.0578125 0.053125
10 0.909375 0.15234375 0.04375 0.0328125
10 0.93515625 0.22890625 0.1296875 0.1546875
10 0.81328125 0.30546875 0.1765625 0.1265625
9 0.459375 1 0.459375 0.5925437859375 0.4225138765625 0.6494180187499999 0.405664984375 0.7188279796874999 0.420597265625 0.7360275671875 0.416634178125 0.7585421718750001 0.4124271859375 0.7721751359375 0.3840794359375 0.8138638281249999 0.37351433125 0.8514253328125001 0.374436546875 0.8641538796875 0.3652699265625 0.8796529890624999 0.3419185546875 1 0.459375 1
10 0.43515625 0.97890625 0.0484375 0.0421875
4 0.76953125 0.684375 0.4609375 0.63125
10 0.6953125 0.42578125 0.23125 0.1140625
