9 0.25859375 0.3 0.5171875 0.6
2 0.921875 0.2609375 0.15625 0.521875
3 0.23125 0.7984375 0.4625 0.396875
9 1 1 1 0.6213844171875 0.9921336296875001 0.6201392640625001 0.736520546875 0.6419292609375 0.7145752937500001 0.6454217171875001 0.683396815625 0.666201925 0.67689765625 0.6852563859374999 0.6699032359375 0.771892834375 0.656406934375 1 1 1
10 0.753125 0.72890625 0.0484375 0.04375
10 0.95625 0.74453125 0.075 0.0484375
10 0.9515625 0.89140625 0.096875 0.2171875
10 0.665625 0.91640625 0.075 0.1671875
10 0.753125 0.665625 0.05 0.0484375
10 0.8546875 0.66015625 0.0453125 0.0296875
