2 0.28984375 0.2 0.5796875 0.4
2 0.78984375 0.2 0.4203125 0.4
3 0.28984375 0.7 0.5796875 0.6
9 0.7453125 0.62734375 0.33125 0.4546875
11 0.76640625 0.81484375 0.1046875 0.0609375
11 0.771875 0.76171875 0.1171875 0.071875
11 0.778125 0.703125 0.115625 0.06875
11 0.77890625 0.64140625 0.1015625 0.0734375
11 0.79375 0.590625 0.1 0.0515625
11 0.7984375 0.53125 0.103125 0.08125
11 0.81015625 0.4703125 0.109375 0.06875
11 0.83125 0.42890625 0.121875 0.0484375
11 0.82265625 0.41015625 0.1234375 0.0203125
