1 0.22109375 0.33125 0.2890625 0.6625
10 0.28046875 0.58046875 0.046875 0.1125
1 0.731690390625 0 0.7176669203125 0.05214647343749999 0.7166341234375 0.1568361875 0.7220683 0.18588847343749998 0.7135914765625 0.29781363125000004 0.7140919609375 0.43176006874999995 0.7086637625 0.45258050625 0.7132410375 0.5647994296875 0.7096242296874999 0.5953039609374999 0.7120549125 0.6665634703125 0.7258525171875 0.7 0.851771671875 0.7 0.8473297796875 0.3866391671875 0.8553074671874998 0.3647072140625 0.8476985859374999 0.3439177625 0.8456252359375 0.20483859999999998 0.8503673640624999 0 0.731690390625 0
10 0.815625 0.021875 0.078125 0.04375
10 0.82421875 0.646875 0.0921875 0.10625
10 0.8265625 0.42890625 0.1046875 0.2890625
10 0.81171875 0.2203125 0.08125 0.11875
10 0.8375 0.06953125 0.034375 0.0375
4 0.15390625 0.76171875 0.3078125 0.1234375
1 0.62578125 0.85 0.4140625 0.3
