3 0.2078125 0.1546875 0.415625 0.309375
9 0.7921875 0.10546875 0.415625 0.2109375
11 0.64765625 0.01953125 0.0609375 0.0390625
11 0.65703125 0.0578125 0.08125 0.0546875
11 0.65234375 0.10546875 0.06875 0.0453125
11 0.6640625 0.14765625 0.0796875 0.0484375
11 0.65546875 0.178125 0.0578125 0.0296875
11 0.9765625 0.159375 0.046875 0.053125
11 0.97109375 0.1046875 0.0578125 0.0625
11 0.96875 0.04765625 0.0625 0.0609375
2 0.034375 0.62265625 0.06875 0.3953125
7 0.80859375 0.6234375 0.3828125 0.628125
10 0.9578125 0.86640625 0.084375 0.0796875
