2 0.286738 0.339286 0.292115 0.089286
2 0.526882 0.308673 0.172043 0.062500
2 0.709677 0.266582 0.172043 0.061224
2 0.240143 0.530612 0.137993 0.080357
2 0.387097 0.516582 0.134409 0.073980
2 0.516129 0.488520 0.094982 0.054847
2 0.614695 0.475765 0.089606 0.067602
2 0.707885 0.459184 0.080645 0.062500
2 0.793907 0.440051 0.091398 0.048469
2 0.267025 0.723214 0.121864 0.073980
2 0.376344 0.716837 0.089606 0.077806
2 0.478495 0.701531 0.103943 0.057398
2 0.575269 0.681122 0.082437 0.065051
2 0.664875 0.650510 0.102151 0.065051
2 0.758065 0.631378 0.084229 0.057398
2 0.838710 0.617347 0.068100 0.049745
2 0.594982 0.864796 0.152330 0.045918
2 0.725806 0.844388 0.102151 0.053571
2 0.835125 0.823980 0.103943 0.042092
