0 0.261283 0.215044 0.190024 0.161947
0 0.435867 0.127434 0.153207 0.069912
0 0.566508 0.138053 0.108076 0.077876
0 0.685273 0.176106 0.122328 0.061062
0 0.429929 0.199115 0.144893 0.076991
0 0.565321 0.214159 0.110451 0.069912
0 0.693587 0.236283 0.138955 0.059292
0 0.434679 0.268142 0.161520 0.059292
0 0.565321 0.274336 0.110451 0.046018
0 0.245843 0.337168 0.150831 0.070796
0 0.375297 0.332743 0.103325 0.068142
0 0.489311 0.338053 0.121140 0.073451
0 0.610451 0.335398 0.108076 0.075221
0 0.218527 0.419469 0.117577 0.097345
0 0.349169 0.414159 0.147268 0.084071
0 0.502375 0.410619 0.154394 0.076991
0 0.225653 0.510619 0.161520 0.100000
0 0.249406 0.592920 0.238717 0.068142
0 0.186461 0.790265 0.135392 0.079646
0 0.819477 0.585841 0.115202 0.092035
0 0.788599 0.661062 0.159145 0.105310
0 0.742280 0.731858 0.148456 0.068142
0 0.736342 0.793805 0.146081 0.060177
0 0.736342 0.863717 0.149644 0.082301
0 0.578385 0.858407 0.154394 0.084956
0 0.602138 0.775221 0.127078 0.070796
0 0.180523 0.688496 0.086698 0.115929
