1 0.623437 0.106667 0.065625 0.019167
1 0.655469 0.171667 0.117969 0.092500
1 0.736719 0.179167 0.028906 0.019167
1 0.765625 0.209167 0.019531 0.011667
1 0.879687 0.271667 0.008594 0.018333
1 0.927344 0.327500 0.078125 0.096667
1 0.917969 0.406667 0.017969 0.008333
1 0.755469 0.563333 0.016406 0.011667
1 0.784375 0.476667 0.015625 0.011667
1 0.791406 0.504167 0.016406 0.012500
1 0.764844 0.504167 0.018750 0.016667
1 0.785937 0.527500 0.010937 0.009167
1 0.755469 0.534167 0.021094 0.022500
1 0.717187 0.533333 0.015625 0.016667
1 0.737500 0.553333 0.010156 0.011667
1 0.739844 0.580000 0.012500 0.009167
1 0.671875 0.649167 0.014063 0.012500
1 0.685156 0.612500 0.030469 0.025833
1 0.482812 0.631667 0.017969 0.015833
1 0.387500 0.637500 0.012500 0.008333
1 0.480469 0.724167 0.011719 0.015000
1 0.524219 0.750000 0.016406 0.012500
1 0.507812 0.824167 0.009375 0.013333
1 0.417187 0.808333 0.017188 0.011667
1 0.391406 0.926667 0.010156 0.009167
1 0.382031 0.945000 0.011719 0.008333
1 0.348438 0.949167 0.053906 0.014167
1 0.127344 0.840000 0.013281 0.012500
1 0.056250 0.802500 0.012500 0.010833
1 0.016406 0.772500 0.010937 0.016667
1 0.005469 0.740833 0.010937 0.009167
1 0.010156 0.721667 0.008594 0.008333
1 0.071094 0.667500 0.011719 0.008333
1 0.211719 0.650833 0.016406 0.011667
1 0.201563 0.600000 0.010156 0.010000
1 0.179688 0.547500 0.011719 0.012500
1 0.278125 0.458333 0.014063 0.008333
1 0.346094 0.364167 0.011719 0.010833
1 0.330469 0.394167 0.010156 0.011667
1 0.610156 0.366667 0.014844 0.011667
