0 0.900781 0.201563 0.196875 0.118750
0 0.748437 0.280469 0.141406 0.110156
0 0.632812 0.367188 0.185156 0.107813
0 0.521094 0.460156 0.176563 0.110937
0 0.446094 0.578125 0.159375 0.121875
0 0.346094 0.657031 0.166406 0.100781
0 0.165625 0.689844 0.289062 0.104688
0 0.810937 0.678125 0.238281 0.121875
0 0.548438 0.693750 0.259375 0.128125
0 0.800000 0.856250 0.194531 0.132031
0 0.566406 0.830469 0.261719 0.139844
0 0.360938 0.792969 0.113281 0.175781
0 0.692969 0.949219 0.230469 0.101562
0 0.453125 0.941406 0.250000 0.117188
0 0.164844 0.947656 0.301563 0.104688
0 0.172656 0.813281 0.275781 0.158594
