1 0.128924 0.838942 0.047085 0.070513
1 0.303812 0.903045 0.034753 0.013622
1 0.539238 0.778045 0.034753 0.019231
1 0.786996 0.706731 0.119955 0.027244
1 0.758969 0.790865 0.069507 0.052885
1 0.659193 0.832532 0.068386 0.020833
1 0.792601 0.846154 0.170404 0.025641
1 0.849776 0.876603 0.065022 0.027244
1 0.855381 0.811699 0.041480 0.018429
1 0.763453 0.578526 0.091928 0.044872
1 0.624439 0.678686 0.050448 0.033654
1 0.682735 0.667468 0.039238 0.023237
1 0.477578 0.477564 0.033632 0.115385
1 0.488789 0.384615 0.033632 0.036859
1 0.507848 0.330929 0.053812 0.042468
1 0.557175 0.281250 0.045964 0.046474
