0 0.337649 0.149340 0.388446 0.086634
0 0.638446 0.387789 0.038845 0.018977
0 0.688247 0.410891 0.027888 0.014026
0 0.719124 0.431518 0.045817 0.023927
0 0.562749 0.476073 0.027888 0.033003
0 0.575697 0.511551 0.027888 0.026403
0 0.595618 0.554455 0.038845 0.042079
0 0.608566 0.593234 0.035857 0.024752
0 0.633466 0.619637 0.047809 0.036304
0 0.204183 0.556106 0.038845 0.023927
0 0.235060 0.534653 0.014940 0.022277
0 0.175299 0.368812 0.062749 0.018152
0 0.157371 0.244224 0.049801 0.022277
0 0.220120 0.212871 0.063745 0.030528
0 0.159363 0.288779 0.049801 0.018977
0 0.211155 0.263201 0.036853 0.031353
0 0.261952 0.226898 0.042829 0.030528
1 0.416335 0.981023 0.059761 0.015677
0 0.703187 0.278053 0.071713 0.031353
1 0.710159 0.114686 0.057769 0.028878
2 0.293825 0.250000 0.310757 0.266502
2 0.323705 0.524752 0.334661 0.278053
2 0.362550 0.818482 0.355578 0.306106
