0 0.229373 0.108833 0.202145 0.103312
0 0.643564 0.070978 0.131188 0.021293
0 0.647690 0.095426 0.135314 0.036278
0 0.516502 0.122240 0.032178 0.016562
0 0.494224 0.144322 0.052805 0.020505
0 0.402640 0.164826 0.117162 0.021293
0 0.717822 0.129338 0.056106 0.018139
0 0.831683 0.093060 0.028053 0.046530
0 0.881188 0.134069 0.059406 0.020505
0 0.876238 0.160095 0.044554 0.026814
0 0.770627 0.135647 0.030528 0.014196
0 0.819307 0.154574 0.053630 0.027603
0 0.762376 0.154574 0.020627 0.023659
0 0.700495 0.153785 0.032178 0.023659
0 0.584983 0.138013 0.033828 0.047319
0 0.194719 0.185331 0.026403 0.044164
0 0.207096 0.214511 0.160066 0.025237
0 0.160891 0.268139 0.077558 0.044953
0 0.237624 0.298107 0.105611 0.011830
0 0.466172 0.201893 0.037954 0.051262
0 0.482673 0.254732 0.025578 0.046530
0 0.490924 0.306782 0.031353 0.044953
0 0.504950 0.350946 0.020627 0.039432
0 0.509901 0.393533 0.022277 0.035489
0 0.513201 0.439274 0.037954 0.050473
0 0.624587 0.218454 0.048680 0.026025
0 0.852310 0.209779 0.081683 0.037855
0 0.634488 0.289432 0.041254 0.030757
0 0.733498 0.357256 0.058581 0.035489
0 0.268977 0.446372 0.095710 0.029968
0 0.246700 0.559148 0.048680 0.033912
0 0.268977 0.524448 0.026403 0.018927
0 0.280528 0.489748 0.033003 0.036278
0 0.143564 0.527603 0.049505 0.029180
0 0.197195 0.552050 0.042904 0.027603
0 0.123762 0.822555 0.041254 0.080442
0 0.202145 0.848580 0.111386 0.009464
0 0.132013 0.870662 0.023102 0.012618
0 0.245050 0.875394 0.028878 0.030757
0 0.471122 0.895110 0.053630 0.015773
0 0.574257 0.893533 0.136139 0.023659
0 0.658416 0.881703 0.043729 0.045741
0 0.754125 0.863565 0.030528 0.082019
0 0.581683 0.816246 0.061881 0.009464
0 0.349835 0.826498 0.158416 0.018927
0 0.699670 0.590694 0.027228 0.026814
0 0.562706 0.470820 0.019802 0.017350
0 0.791254 0.539432 0.135314 0.020505
0 0.843234 0.597003 0.030528 0.093060
0 0.829208 0.745268 0.037954 0.063880
0 0.823432 0.811514 0.030528 0.024448
0 0.807756 0.861199 0.066832 0.063091
0 0.133663 0.679811 0.035479 0.029180
0 0.580858 0.785489 0.045380 0.035489
0 0.528878 0.717666 0.042904 0.069401
0 0.492574 0.632492 0.023102 0.064669
0 0.490924 0.561514 0.020627 0.057571
0 0.584983 0.488959 0.023927 0.018139
0 0.619637 0.508675 0.030528 0.013407
0 0.680693 0.231073 0.028878 0.009464
0 0.778053 0.228707 0.031353 0.008675
0 0.463696 0.329653 0.016502 0.015773
