1 0.719008 0.847291 0.242424 0.128079
1 0.125344 0.463054 0.195592 0.364532
1 0.022039 0.253695 0.044077 0.241379
1 0.654270 0.307882 0.399449 0.615764
1 0.210744 0.120690 0.068871 0.137931
1 0.162534 0.246305 0.090909 0.157635
1 0.136364 0.704433 0.168044 0.231527
1 0.256198 0.820197 0.074380 0.133005
1 0.385675 0.694581 0.148760 0.320197
1 0.535813 0.679803 0.236915 0.453202
1 0.694215 0.610837 0.225895 0.295567
1 0.031680 0.593596 0.063361 0.241379
1 0.404959 0.098522 0.319559 0.197044
1 0.524793 0.288177 0.140496 0.344828
