1 0.446133 0.060150 0.361878 0.120301
1 0.842541 0.120301 0.110497 0.095238
1 0.834254 0.215539 0.074586 0.107769
1 0.287293 0.131579 0.044199 0.040100
1 0.537293 0.245614 0.185083 0.145363
1 0.705801 0.582707 0.138122 0.112782
1 0.276243 0.609023 0.038674 0.027569
1 0.207182 0.496241 0.069061 0.087719
1 0.164365 0.740602 0.113260 0.092732
1 0.425414 0.820802 0.433702 0.117794
1 0.500000 0.791980 0.038674 0.030075
1 0.618785 0.758145 0.035912 0.030075
1 0.700276 0.735589 0.104972 0.190476
1 0.662983 0.845865 0.063536 0.045113
