0 0.539936 0.171930 0.111821 0.115789
0 0.376997 0.196491 0.121406 0.094737
0 0.495208 0.321053 0.226837 0.171930
0 0.562300 0.461404 0.150160 0.112281
0 0.642173 0.575439 0.207668 0.112281
0 0.758786 0.671930 0.194888 0.112281
0 0.410543 0.443860 0.140575 0.101754
0 0.348243 0.529825 0.169329 0.101754
0 0.244409 0.578947 0.086262 0.087719
0 0.784345 0.973684 0.188498 0.052632
0 0.635783 0.970175 0.172524 0.059649
0 0.452077 0.928070 0.162939 0.133333
0 0.448882 0.822807 0.172524 0.105263
0 0.479233 0.750877 0.274760 0.140351
0 0.373802 0.628070 0.162939 0.115789
