0 0.456044 0.453441 0.912088 0.906883
0 0.840659 0.064777 0.142857 0.129555
0 0.683150 0.126518 0.124542 0.026316
0 0.562271 0.147773 0.117216 0.032389
0 0.435897 0.136640 0.098901 0.026316
0 0.296703 0.164980 0.168498 0.056680
0 0.463370 0.169028 0.131868 0.028340
0 0.796703 0.144737 0.102564 0.036437
0 0.705128 0.179150 0.091575 0.032389
0 0.637363 0.209514 0.080586 0.028340
0 0.560440 0.230769 0.098901 0.024291
0 0.485348 0.243927 0.062271 0.018219
0 0.415751 0.257085 0.084249 0.020243
0 0.340659 0.272267 0.087912 0.016194
0 0.250916 0.280364 0.073260 0.014170
