0 0.424731 0.125978 0.025806 0.019562
0 0.453763 0.205008 0.017204 0.023474
0 0.459140 0.233177 0.026882 0.028169
0 0.468817 0.262911 0.031183 0.032864
0 0.477419 0.294992 0.023656 0.032864
0 0.503226 0.359937 0.027957 0.028169
0 0.372043 0.400626 0.077419 0.017997
0 0.158065 0.420970 0.058065 0.025822
0 0.227957 0.416275 0.070968 0.017997
0 0.296774 0.415493 0.056989 0.020344
0 0.463441 0.390454 0.092473 0.018779
0 0.556989 0.383412 0.065591 0.015649
0 0.636559 0.381064 0.067742 0.010172
0 0.711828 0.379499 0.064516 0.011737
0 0.808602 0.377934 0.103226 0.008607
0 0.795699 0.585290 0.064516 0.027387
0 0.182796 0.839593 0.059140 0.026604
0 0.236559 0.865415 0.030108 0.043818
0 0.275269 0.909233 0.032258 0.036776
0 0.373118 0.967136 0.058065 0.027387
0 0.227957 0.936620 0.058065 0.025822
0 0.288172 0.969484 0.055914 0.032864
0 0.564516 0.973396 0.049462 0.013302
0 0.636559 0.967919 0.094624 0.017997
0 0.739785 0.964006 0.096774 0.015649
0 0.813978 0.966354 0.045161 0.027387
0 0.846237 0.922535 0.086022 0.043036
0 0.759140 0.893584 0.055914 0.082942
0 0.681720 0.928795 0.084946 0.054773
0 0.567742 0.931142 0.040860 0.053208
0 0.377419 0.919405 0.032258 0.075117
0 0.745161 0.599374 0.036559 0.042254
0 0.810753 0.640063 0.033333 0.034429
0 0.807527 0.680751 0.013978 0.045383
0 0.787097 0.725352 0.044086 0.027387
0 0.733333 0.760563 0.030108 0.044601
0 0.793548 0.753521 0.019355 0.036776
0 0.783871 0.810642 0.011828 0.071205
0 0.707527 0.799687 0.036559 0.040689
0 0.687097 0.841941 0.052688 0.039906
0 0.651613 0.886541 0.032258 0.027387
0 0.591398 0.860720 0.064516 0.086854
0 0.420430 0.829421 0.081720 0.105634
0 0.481720 0.655712 0.070968 0.101721
0 0.529032 0.627543 0.025806 0.051643
0 0.463441 0.741002 0.054839 0.058685
0 0.703226 0.543036 0.122581 0.059468
