1 0.121447 0.313415 0.062016 0.212195
1 0.364341 0.654878 0.258398 0.156098
1 0.785530 0.460976 0.204134 0.190244
1 0.820413 0.592683 0.108527 0.080488
1 0.593023 0.635366 0.098191 0.082927
1 0.748062 0.713415 0.191214 0.078049
1 0.397933 0.942683 0.304910 0.114634
1 0.741602 0.946341 0.180879 0.107317
1 0.114987 0.100000 0.033592 0.014634
1 0.279070 0.145122 0.165375 0.104878
1 0.803618 0.174390 0.299742 0.163415
1 0.268734 0.235366 0.147287 0.097561
1 0.370801 0.308537 0.062016 0.060976
1 0.501292 0.264634 0.118863 0.146341
1 0.642119 0.279268 0.198966 0.202439
1 0.793282 0.267073 0.201550 0.121951
1 0.149871 0.163415 0.108527 0.107317
1 0.125323 0.447561 0.069767 0.070732
1 0.339793 0.823171 0.281654 0.168293
1 0.180879 0.930488 0.116279 0.095122
1 0.662791 0.129268 0.111111 0.073171
1 0.735142 0.807317 0.242894 0.231707
1 0.605943 0.575610 0.062016 0.065854
1 0.550388 0.517073 0.144703 0.117073
1 0.655039 0.446341 0.056848 0.068293
1 0.582687 0.419512 0.062016 0.053659
