1 0.684987 0.052147 0.029491 0.063395
1 0.918231 0.201431 0.115282 0.151329
1 0.931635 0.348671 0.136729 0.132924
1 0.938338 0.519427 0.123324 0.192229
1 0.127346 0.293456 0.077748 0.173824
1 0.542895 0.344581 0.211796 0.182004
1 0.134048 0.475460 0.091153 0.124744
1 0.301609 0.479550 0.155496 0.098160
1 0.394102 0.412065 0.099196 0.069530
1 0.158177 0.946830 0.107239 0.106339
1 0.947721 0.943763 0.104558 0.112474
1 0.962466 0.814928 0.075067 0.145194
1 0.957105 0.674847 0.085791 0.143149
1 0.164879 0.845603 0.139410 0.094070
1 0.581769 0.894683 0.064343 0.040900
1 0.522788 0.615542 0.201072 0.163599
1 0.238606 0.131902 0.219839 0.096115
1 0.760054 0.102249 0.147453 0.036810
