1 0.257703 0.174917 0.120448 0.052805
1 0.326331 0.295380 0.226891 0.207921
1 0.471989 0.292079 0.056022 0.042904
1 0.529412 0.344884 0.036415 0.026403
1 0.743697 0.442244 0.019608 0.039604
1 0.836134 0.542904 0.154062 0.207921
1 0.836134 0.699670 0.033613 0.019802
1 0.609244 0.867987 0.030812 0.026403
1 0.627451 0.920792 0.030812 0.029703
1 0.579832 0.925743 0.036415 0.036304
1 0.621849 0.966997 0.022409 0.019802
1 0.567227 0.980198 0.042017 0.039604
1 0.500000 0.988449 0.030812 0.023102
1 0.267507 0.798680 0.016807 0.016502
1 0.280112 0.689769 0.028011 0.026403
