1 0.310567 0.155914 0.172680 0.139785
1 0.213918 0.138710 0.033505 0.021505
1 0.166237 0.194624 0.041237 0.045161
1 0.106959 0.370968 0.028351 0.023656
1 0.144330 0.507527 0.041237 0.030108
1 0.154639 0.625806 0.036082 0.049462
1 0.274485 0.712903 0.056701 0.036559
1 0.538660 0.765591 0.293814 0.159140
1 0.371134 0.632258 0.221649 0.111828
1 0.563144 0.597849 0.396907 0.148387
1 0.697165 0.211828 0.054124 0.032258
1 0.765464 0.312903 0.085052 0.055914
1 0.427835 0.382796 0.048969 0.034409
1 0.529639 0.435484 0.051546 0.030108
1 0.420103 0.102151 0.061856 0.032258
1 0.490979 0.154839 0.020619 0.015054
1 0.518041 0.256989 0.041237 0.025806
1 0.740979 0.451613 0.033505 0.023656
1 0.766753 0.532258 0.041237 0.038710
1 0.953608 0.204301 0.092784 0.236559
