1 0.986667 0.060345 0.026667 0.017241
1 0.682667 0.291667 0.029333 0.022989
1 0.749333 0.149425 0.029333 0.022989
1 0.756000 0.198276 0.029333 0.025862
1 0.710667 0.192529 0.034667 0.031609
1 0.741333 0.237069 0.021333 0.017241
1 0.689333 0.241379 0.040000 0.043103
1 0.624000 0.231322 0.029333 0.031609
1 0.654667 0.270115 0.018667 0.022989
1 0.653333 0.316092 0.024000 0.017241
1 0.525333 0.419540 0.026667 0.025862
1 0.554667 0.360632 0.056000 0.051724
1 0.208000 0.347701 0.034667 0.031609
1 0.186667 0.505747 0.024000 0.028736
1 0.254667 0.558908 0.029333 0.025862
1 0.213333 0.682471 0.018667 0.025862
1 0.444000 0.012931 0.016000 0.014368
