0 0.495283 0.500000 0.809434 0.863281
0 0.510377 0.153125 0.119811 0.110937
0 0.610377 0.153906 0.069811 0.037500
0 0.671698 0.112500 0.070755 0.036719
0 0.573585 0.235156 0.063208 0.057031
0 0.622642 0.283594 0.047170 0.033594
0 0.602830 0.325781 0.069811 0.064844
0 0.644340 0.395313 0.077358 0.071094
0 0.682075 0.454688 0.076415 0.046094
0 0.713208 0.496094 0.041509 0.032813
0 0.790566 0.542188 0.110377 0.049219
0 0.738679 0.468750 0.024528 0.021094
0 0.788679 0.489844 0.068868 0.031250
0 0.701887 0.399219 0.035849 0.025000
0 0.778302 0.428906 0.111321 0.039062
0 0.666981 0.314844 0.034906 0.034375
0 0.709434 0.333594 0.049057 0.021875
0 0.774528 0.353906 0.086792 0.018750
0 0.406604 0.214844 0.063208 0.016406
0 0.346226 0.234375 0.058491 0.021094
0 0.280189 0.229687 0.050000 0.017969
0 0.210377 0.255469 0.083962 0.038281
0 0.296226 0.253906 0.066981 0.018750
0 0.466038 0.225000 0.050000 0.025781
0 0.421698 0.254688 0.045283 0.022656
0 0.388679 0.279687 0.040566 0.020313
0 0.350943 0.298438 0.050000 0.015625
0 0.313208 0.310937 0.032075 0.011719
0 0.278302 0.323437 0.041509 0.013281
0 0.240566 0.336719 0.044340 0.009375
0 0.194340 0.346094 0.037736 0.009375
1 0.436792 0.088281 0.022642 0.021094
