1 0.260128 0.118750 0.218550 0.101562
1 0.402985 0.225000 0.175906 0.142969
1 0.607676 0.359375 0.147122 0.021875
1 0.726013 0.222656 0.088486 0.035156
1 0.616205 0.281250 0.055437 0.068750
1 0.708955 0.275000 0.041578 0.026562
1 0.728145 0.132812 0.035181 0.029687
1 0.768657 0.104688 0.042644 0.034375
1 0.867804 0.160938 0.068230 0.063281
1 0.533049 0.160938 0.029851 0.041406
1 0.742004 0.691406 0.033049 0.034375
1 0.690832 0.664062 0.054371 0.060937
1 0.518124 0.778125 0.075693 0.052344
1 0.600213 0.909375 0.070362 0.040625
1 0.413646 0.858594 0.085288 0.050000
1 0.773987 0.419531 0.050107 0.053125
