0 0.657828 0.089385 0.151515 0.173184
0 0.614899 0.265363 0.118687 0.198324
0 0.611111 0.444134 0.128788 0.150838
0 0.614899 0.587989 0.148990 0.162011
0 0.637626 0.756983 0.136364 0.187151
0 0.727273 0.868715 0.161616 0.083799
0 0.488636 0.768156 0.219697 0.184358
2 0.160354 0.171788 0.133838 0.237430
2 0.137626 0.382682 0.088384 0.184358
2 0.107323 0.504190 0.027778 0.254190
2 0.352273 0.108939 0.262626 0.217877
2 0.323232 0.317039 0.189394 0.243017
2 0.369949 0.508380 0.232323 0.198324
2 0.199495 0.384078 0.174242 0.298883
2 0.217172 0.586592 0.247475 0.206704
