1 0.289377 0.737537 0.102564 0.067449
1 0.509158 0.771261 0.194139 0.093842
1 0.316850 0.824047 0.131868 0.070381
1 0.842491 0.804985 0.238095 0.070381
1 0.452381 0.841642 0.065934 0.032258
1 0.575092 0.834311 0.051282 0.032258
1 0.695971 0.834311 0.043956 0.038123
1 0.904762 0.199413 0.076923 0.058651
1 0.924908 0.260997 0.036630 0.038123
1 0.163004 0.221408 0.051282 0.046921
1 0.868132 0.561584 0.036630 0.046921
1 0.879121 0.640762 0.062271 0.049853
1 0.553114 0.715543 0.098901 0.058651
1 0.972527 0.640762 0.043956 0.046921
1 0.315018 0.041056 0.084249 0.052786
1 0.957875 0.777126 0.084249 0.082111
