1 0.402135 0.126847 0.249110 0.081281
1 0.793594 0.131773 0.042705 0.024631
1 0.896797 0.214286 0.042705 0.029557
1 0.604982 0.133005 0.088968 0.056650
1 0.483986 0.201970 0.042705 0.024631
1 0.281139 0.278325 0.074733 0.044335
1 0.877224 0.407635 0.081851 0.086207
1 0.373665 0.511084 0.199288 0.120690
1 0.850534 0.705665 0.135231 0.307882
1 0.395018 0.618227 0.338078 0.118227
1 0.395018 0.710591 0.124555 0.051724
1 0.592527 0.826355 0.352313 0.108374
1 0.677936 0.598522 0.074733 0.046798
1 0.729537 0.757389 0.049822 0.027094
