2 0.266791 0.423754 0.313433 0.123167
2 0.513060 0.370968 0.186567 0.085044
2 0.695896 0.309384 0.186567 0.082111
2 0.242537 0.645161 0.152985 0.102639
2 0.393657 0.618768 0.149254 0.093842
2 0.524254 0.577713 0.104478 0.070381
2 0.625000 0.555718 0.100746 0.085044
2 0.718284 0.530792 0.093284 0.076246
2 0.805970 0.502933 0.100746 0.061584
2 0.294776 0.865103 0.134328 0.093842
2 0.408582 0.848974 0.104478 0.096774
2 0.513060 0.824047 0.115672 0.073314
2 0.610075 0.794721 0.093284 0.079179
2 0.699627 0.752199 0.115672 0.082111
2 0.792910 0.724340 0.093284 0.070381
2 0.875000 0.702346 0.078358 0.061584
2 0.652985 0.985337 0.164179 0.029326
2 0.787313 0.967742 0.111940 0.064516
2 0.897388 0.939883 0.111940 0.055718
