0 0.545312 0.099150 0.112500 0.096317
0 0.385937 0.113314 0.121875 0.079320
0 0.496875 0.216714 0.225000 0.144476
0 0.559375 0.334278 0.150000 0.096317
0 0.632812 0.427762 0.206250 0.096317
0 0.745313 0.509915 0.190625 0.096317
0 0.410938 0.314448 0.137500 0.084986
0 0.348438 0.382436 0.168750 0.087819
0 0.245312 0.417847 0.087500 0.073654
0 0.382812 0.805949 0.215625 0.124646
0 0.759375 0.788952 0.184375 0.116147
0 0.612500 0.784703 0.171875 0.130312
0 0.531250 0.810198 0.156250 0.133144
0 0.437500 0.706799 0.162500 0.110482
0 0.437500 0.621813 0.171875 0.087819
0 0.467187 0.565156 0.271875 0.121813
0 0.368750 0.461756 0.162500 0.099150
