1 0.851421 0.153631 0.080103 0.054004
1 0.538760 0.222533 0.129199 0.044693
1 0.645995 0.145251 0.059432 0.039106
1 0.245478 0.383613 0.113695 0.048417
1 0.410853 0.391061 0.051680 0.030726
1 0.432817 0.465549 0.051680 0.027933
1 0.145995 0.681564 0.069767 0.043762
1 0.174419 0.504655 0.019380 0.082868
1 0.171835 0.889199 0.116279 0.048417
1 0.359173 0.903166 0.069767 0.013035
1 0.512920 0.839851 0.040052 0.023277
1 0.556848 0.796089 0.062016 0.023277
1 0.157623 0.743017 0.045220 0.033520
1 0.127907 0.783985 0.040052 0.137803
1 0.214470 0.223464 0.056848 0.221601
1 0.390181 0.147114 0.049096 0.036313
1 0.377261 0.223464 0.032300 0.018622
1 0.869509 0.370577 0.032300 0.023277
