0 0.417355 0.116095 0.206612 0.232190
0 0.590909 0.040897 0.148760 0.081794
0 0.697314 0.065963 0.113636 0.131926
0 0.787190 0.149077 0.119835 0.121372
0 0.565083 0.113456 0.144628 0.150396
0 0.675620 0.171504 0.113636 0.131926
0 0.776860 0.237467 0.134298 0.124011
0 0.549587 0.213720 0.152893 0.129288
0 0.658058 0.258575 0.105372 0.094987
0 0.370868 0.263852 0.146694 0.142480
0 0.481405 0.291557 0.107438 0.126649
0 0.576446 0.329815 0.123967 0.139842
0 0.678719 0.358839 0.111570 0.137203
0 0.324380 0.374670 0.126033 0.171504
0 0.435950 0.402375 0.148760 0.160950
0 0.567149 0.437995 0.152893 0.153034
0 0.304752 0.509235 0.165289 0.187335
0 0.301653 0.634565 0.221074 0.163588
0 0.192149 0.868074 0.136364 0.084433
0 0.785124 0.777045 0.123967 0.163588
0 0.736570 0.844327 0.163223 0.131926
0 0.216942 0.754617 0.105372 0.189974
