1 0.289634 0.105469 0.214431 0.069531
1 0.847561 0.101562 0.096545 0.089844
1 0.844512 0.306250 0.058943 0.032813
1 0.851626 0.424219 0.044715 0.067969
1 0.824187 0.543750 0.035569 0.025781
1 0.696138 0.574219 0.043699 0.029687
1 0.852642 0.668750 0.053862 0.191406
1 0.824187 0.893750 0.121951 0.125000
1 0.661585 0.953125 0.023374 0.012500
1 0.505081 0.942187 0.033537 0.014063
1 0.164634 0.906250 0.098577 0.043750
1 0.134146 0.735156 0.046748 0.032031
1 0.252033 0.716406 0.032520 0.018750
1 0.550813 0.764062 0.020325 0.024219
1 0.364837 0.629687 0.031504 0.024219
1 0.141260 0.671875 0.026423 0.025781
1 0.594512 0.640625 0.027439 0.016406
1 0.496951 0.275000 0.173780 0.122656
1 0.175813 0.185156 0.029472 0.028125
1 0.162602 0.297656 0.030488 0.017188
