1 0.309441 0.144068 0.440559 0.088378
1 0.823427 0.136804 0.118881 0.073850
1 0.844406 0.227603 0.061189 0.096852
1 0.145105 0.265133 0.047203 0.032688
1 0.489510 0.318402 0.202797 0.108959
1 0.811189 0.599274 0.148601 0.087167
1 0.291958 0.714286 0.043706 0.019370
1 0.169580 0.623487 0.062937 0.076271
1 0.199301 0.861985 0.122378 0.070218
1 0.547203 0.881356 0.559441 0.020581
1 0.629371 0.838983 0.040210 0.024213
1 0.763986 0.782082 0.040210 0.021792
1 0.856643 0.743341 0.073427 0.177966
1 0.847902 0.854722 0.071678 0.032688
