1 0.526163 0.102727 0.127907 0.038182
1 0.443314 0.099091 0.014535 0.009091
1 0.556686 0.180909 0.252907 0.130909
1 0.699128 0.211818 0.061047 0.029091
1 0.739826 0.250909 0.040698 0.018182
1 0.571221 0.623636 0.034884 0.016364
1 0.659884 0.540000 0.031977 0.016364
1 0.661337 0.570909 0.034884 0.018182
1 0.613372 0.563636 0.040698 0.023636
1 0.640988 0.593636 0.023256 0.012727
1 0.584302 0.592727 0.046512 0.029091
1 0.514535 0.580909 0.034884 0.021818
1 0.543605 0.607273 0.023256 0.014545
1 0.536337 0.636364 0.026163 0.012727
1 0.383721 0.690909 0.031977 0.016364
1 0.424419 0.655455 0.066860 0.036364
1 0.050872 0.619091 0.037791 0.021818
1 0.010174 0.715455 0.020349 0.020000
1 0.075581 0.755455 0.034884 0.018182
1 0.014535 0.830000 0.023256 0.016364
1 0.078488 0.247273 0.020349 0.010909
1 0.138081 0.241818 0.017442 0.010909
1 0.347384 0.428182 0.017442 0.010909
1 0.360465 0.386364 0.017442 0.018182
1 0.392442 0.374545 0.031977 0.016364
