1 0.400826 0.129114 0.289256 0.086076
1 0.853306 0.124051 0.049587 0.025316
1 0.979339 0.202532 0.041322 0.030380
1 0.634298 0.131646 0.099174 0.055696
1 0.502066 0.207595 0.049587 0.022785
1 0.272727 0.292405 0.082645 0.043038
1 0.964876 0.402532 0.070248 0.086076
1 0.400826 0.527848 0.223140 0.118987
1 0.952479 0.708861 0.095041 0.313924
1 0.433884 0.637975 0.392562 0.111392
1 0.442149 0.731646 0.140496 0.050633
1 0.681818 0.844304 0.409091 0.101266
1 0.760331 0.606329 0.082645 0.045570
1 0.834711 0.767089 0.053719 0.025316
