1 0.197324 0.772517 0.086957 0.045035
1 0.391304 0.816397 0.167224 0.060046
1 0.209030 0.842956 0.112040 0.047344
1 0.688963 0.868360 0.212375 0.038106
1 0.329431 0.867206 0.058528 0.019630
1 0.443144 0.870670 0.041806 0.023095
1 0.551839 0.879908 0.035117 0.026559
1 0.829431 0.399538 0.063545 0.041570
1 0.839465 0.449192 0.028428 0.028868
1 0.153846 0.360277 0.041806 0.034642
1 0.744147 0.132794 0.066890 0.032333
1 0.745819 0.680139 0.028428 0.035797
1 0.744147 0.742494 0.051839 0.034642
1 0.439799 0.775982 0.083612 0.039261
1 0.829431 0.749423 0.035117 0.034642
1 0.317726 0.230947 0.070234 0.035797
1 0.812709 0.856813 0.096990 0.057737
