1 0.848442 0.140590 0.093484 0.070295
1 0.512748 0.242630 0.147309 0.061224
1 0.621813 0.142857 0.067989 0.052154
1 0.209632 0.456916 0.130312 0.065760
1 0.390935 0.455782 0.059490 0.040816
1 0.423513 0.545351 0.059490 0.036281
1 0.131728 0.824263 0.082153 0.056689
1 0.144476 0.607710 0.031161 0.102041
1 0.151558 0.897959 0.053824 0.040816
1 0.123229 0.891156 0.059490 0.054422
1 0.158640 0.264172 0.084986 0.272109
1 0.342776 0.160998 0.056657 0.047619
1 0.337110 0.253968 0.036827 0.024943
1 0.890935 0.402494 0.036827 0.029478
