1 0.239683 0.756032 0.088889 0.058981
1 0.428571 0.790885 0.165079 0.083110
1 0.260317 0.836461 0.111111 0.064343
1 0.717460 0.825737 0.206349 0.061662
1 0.377778 0.855228 0.057143 0.026810
1 0.485714 0.849866 0.041270 0.029491
1 0.588889 0.851206 0.038095 0.034853
1 0.782540 0.273458 0.066667 0.053619
1 0.800000 0.329759 0.031746 0.034853
1 0.139683 0.284182 0.044444 0.042895
1 0.744444 0.604558 0.031746 0.042895
1 0.750794 0.675603 0.053968 0.045576
1 0.468254 0.739946 0.085714 0.053619
1 0.833333 0.676944 0.038095 0.042895
1 0.274603 0.120643 0.073016 0.048257
1 0.833333 0.801609 0.098413 0.075067
