0 0.435484 0.064371 0.096774 0.092814
0 0.291789 0.113772 0.108504 0.074850
0 0.417889 0.196108 0.202346 0.137725
0 0.501466 0.302395 0.134897 0.089820
0 0.590909 0.383234 0.187683 0.086826
0 0.712610 0.444611 0.175953 0.086826
0 0.362170 0.314371 0.126100 0.080838
0 0.319648 0.398204 0.152493 0.080838
0 0.234604 0.456587 0.076246 0.071856
0 0.451613 0.827844 0.196481 0.116766
0 0.791789 0.727545 0.167155 0.110778
0 0.656891 0.755988 0.152493 0.125749
0 0.587977 0.799401 0.137830 0.131737
0 0.476540 0.712575 0.143695 0.107784
0 0.457478 0.625749 0.158358 0.080838
0 0.472141 0.559880 0.249267 0.107784
0 0.357771 0.476048 0.146628 0.092814
