1 0.268293 0.145985 0.228997 0.071168
1 0.850949 0.154197 0.058266 0.058394
1 0.261518 0.329380 0.146341 0.103102
1 0.158537 0.336679 0.031165 0.013686
1 0.128726 0.391423 0.029810 0.034672
1 0.115176 0.264599 0.029810 0.028285
1 0.126016 0.546533 0.024390 0.016423
1 0.208672 0.651460 0.036585 0.019161
1 0.257453 0.746350 0.024390 0.039234
1 0.407859 0.796533 0.052846 0.022810
1 0.692412 0.791058 0.283198 0.089416
1 0.479675 0.712591 0.216802 0.058394
1 0.662602 0.648723 0.407859 0.057482
1 0.673442 0.308394 0.050136 0.020073
1 0.775068 0.378650 0.078591 0.034672
1 0.455285 0.497263 0.044715 0.021898
1 0.575881 0.521898 0.050136 0.018248
1 0.352304 0.257299 0.050136 0.045620
1 0.445799 0.299270 0.018970 0.010036
1 0.505420 0.377737 0.037940 0.016423
1 0.602981 0.186131 0.047425 0.027372
1 0.602981 0.116788 0.313008 0.032847
1 0.795393 0.496350 0.031165 0.014599
1 0.848238 0.558394 0.035230 0.027372
